data/sample/Evap0000365.asc
NCOLS 252
NROWS 252
XLLCORNER 393313.311421
YLLCORNER 5826566.113860
CELLSIZE 1.000000
NODATA_VALUE        1e31
[rows 144 to 167 of 252, columns 110 to 164 of 252]
4.22963e-11 4.21921e-11 4.25043e-11 4.26859e-11 4.26306e-11 4.25909e-11 4.29328e-11 4.29097e-11 4.27888e-11 4.24643e-11 4.26311e-11 4.26954e-11 4.23918e-11 4.28334e-11 4.28499e-11 4.23069e-11 4.23826e-11 4.23619e-11 4.21493e-11 4.27623e-11 1.28617e-09 1.43963e-09 1.26687e-09 1.44476e-09 1.46218e-09 1.30636e-09 1.37553e-09 1.27549e-09 1.36519e-09 4.29185e-11 4.28566e-11 4.23142e-11 4.24541e-11 4.21493e-11 4.24301e-11 4.26935e-11 4.25112e-11 4.28453e-11 4.25148e-11 4.24851e-11 4.27133e-11 4.27817e-11 4.21681e-11 7.7384e-10 8.64121e-10 8.45608e-10 8.47731e-10 8.59515e-10 8.57173e-10 4.12437e-10 4.12573e-10 4.11789e-10 4.08939e-10 4.12509e-10 4.08867e-10
4.28071e-11 4.24323e-11 4.22985e-11 1.42417e-09 1.47285e-09 1.40536e-09 1.41845e-09 1.484e-09 1.39431e-09 1.38426e-09 1.35606e-09 1.37463e-09 1.30691e-09 1.25592e-09 1.44666e-09 1.33933e-09 1.42543e-09 1.47302e-09 1.28664e-09 1.45333e-09 1.39077e-09 1.27836e-09 1.35601e-09 1.29615e-09 1.25605e-09 1.2948e-09 1.47496e-09 1.26393e-09 1.39957e-09 1.39386e-09 4.22245e-11 4.2655e-11 4.28154e-11 4.26609e-11 4.24804e-11 4.27115e-11 4.27753e-11 4.25099e-11 4.21741e-11 4.27917e-11 4.27884e-11 4.22901e-11 4.24922e-11 7.94115e-10 8.09047e-10 8.38812e-10 8.07693e-10 8.12974e-10 8.70009e-10 4.094e-10 4.12158e-10 4.11532e-10 4.11499e-10 4.09055e-10 4.12307e-10
1.42094e-09 1.28809e-09 1.40056e-09 1.46233e-09 1.42912e-09 1.27778e-09 1.32672e-09 1.43486e-09 1.42678e-09 1.48717e-09 1.38035e-09 1.30477e-09 1.464e-09 1.31796e-09 1.30552e-09 1.3418e-09 1.31495e-09 1.31422e-09 1.35742e-09 1.40166e-09 1.46158e-09 1.3723e-09 1.34683e-09 1.42833e-09 1.40362e-09 1.39886e-09 1.3343e-09 1.27049e-09 1.30075e-09 1.34348e-09 1.43043e-09 4.29276e-11 4.24591e-11 4.28175e-11 4.24588e-11 4.25619e-11 4.23667e-11 4.2297e-11 4.27912e-11 4.21549e-11 4.23539e-11 4.294e-11 4.24025e-11 7.53125e-10 8.65752e-10 8.63581e-10 7.98764e-10 7.2213e-10 8.62032e-10 4.08889e-10 4.09911e-10 4.12508e-10 4.11586e-10 4.09747e-10 4.08874e-10
1.48629e-09 1.39097e-09 1.42294e-09 1.44599e-09 1.28656e-09 1.41725e-09 1.45551e-09 1.46004e-09 1.38699e-09 1.41513e-09 1.33069e-09 1.31083e-09 1.48048e-09 1.3824e-09 1.29159e-09 1.4229e-09 1.44924e-09 1.38787e-09 1.29489e-09 1.37187e-09 1.35424e-09 1.36826e-09 1.44817e-09 1.30441e-09 1.35478e-09 1.28959e-09 1.36989e-09 1.42726e-09 1.36625e-09 1.35514e-09 1.43975e-09 1.39482e-09 1.34517e-09 1.28863e-09 4.21945e-11 4.25626e-11 4.24692e-11 4.29252e-11 4.29364e-11 4.26323e-11 4.23936e-11 4.26439e-11 4.21906e-11 8.21744e-10 7.95417e-10 8.02092e-10 7.26048e-10 8.43355e-10 8.43421e-10 4.0984e-10 4.11845e-10 4.09104e-10 4.10005e-10 4.09959e-10 4.08938e-10
1.47475e-09 1.31861e-09 1.48837e-09 1.44277e-09 1.42392e-09 1.28426e-09 1.40024e-09 1.31722e-09 1.36516e-09 1.3111e-09 1.25698e-09 1.35451e-09 1.304e-09 1.35273e-09 1.26213e-09 1.47424e-09 1.33437e-09 1.3664e-09 1.27936e-09 1.29326e-09 1.33955e-09 1.38794e-09 1.35823e-09 1.2568e-09 1.4578e-09 1.26833e-09 1.2984e-09 1.48692e-09 1.27836e-09 1.46218e-09 1.31036e-09 1.41344e-09 1.33902e-09 1.35726e-09 1.28865e-09 1.42453e-09 1.33937e-09 1.43171e-09 1.42315e-09 1.40679e-09 4.23268e-11 4.2165e-11 4.29539e-11 8.15755e-10 8.67834e-10 6.78086e-10 7.97887e-10 6.87108e-10 7.11214e-10 4.12757e-10 4.12389e-10 4.12227e-10 4.09329e-10 4.09538e-10 4.10364e-10
1.281e-09 1.27378e-09 1.47655e-09 1.36961e-09 1.256e-09 1.31416e-09 1.33363e-09 1.35174e-09 1.32477e-09 1.48577e-09 1.26923e-09 1.31856e-09 1.34612e-09 1.39799e-09 1.25956e-09 1.32773e-09 1.25644e-09 1.2859e-09 1.35897e-09 1.28626e-09 1.43899e-09 1.37426e-09 1.36262e-09 1.36071e-09 1.37174e-09 1.38518e-09 1.40374e-09 1.48922e-09 1.29668e-09 1.413e-09 1.37068e-09 1.43493e-09 1.35872e-09 1.45093e-09 1.34103e-09 1.45253e-09 1.3039e-09 1.41592e-09 1.31234e-09 1.47401e-09 4.29059e-11 4.28854e-11 4.27213e-11 4.27793e-11 8.70667e-10 8.59023e-10 7.77354e-10 7.68578e-10 7.65278e-10 4.1243e-10 4.11858e-10 4.10161e-10 4.09711e-10 4.09559e-10 4.09177e-10
1.36303e-09 1.45152e-09 1.38104e-09 1.46737e-09 1.44681e-09 1.45297e-09 1.29329e-09 1.26819e-09 1.26321e-09 1.45639e-09 1.42135e-09 1.38938e-09 1.42489e-09 1.40397e-09 1.29222e-09 1.45243e-09 1.42081e-09 1.32205e-09 1.33552e-09 1.37729e-09 1.32616e-09 1.28901e-09 1.27951e-09 1.34449e-09 1.36163e-09 1.28024e-09 1.43073e-09 1.38276e-09 1.46377e-09 1.26697e-09 1.45109e-09 1.36832e-09 1.48018e-09 1.35667e-09 1.38006e-09 1.37655e-09 1.28058e-09 1.3592e-09 1.30514e-09 1.35197e-09 4.26815e-11 4.22096e-11 4.25973e-11 4.23345e-11 8.60278e-10 7.89774e-10 7.59995e-10 7.0603e-10 8.71444e-10 4.10579e-10 4.12244e-10 4.12913e-10 4.12534e-10 4.11598e-10 4.11866e-10
1.3371e-09 1.48434e-09 1.38403e-09 1.36552e-09 1.2944e-09 1.26893e-09 1.37055e-09 1.48481e-09 1.27021e-09 1.44788e-09 1.43733e-09 1.35625e-09 1.43743e-09 1.34679e-09 1.26698e-09 1.38524e-09 1.46398e-09 1.3275e-09 1.30282e-09 1.2848e-09 1.26683e-09 1.39368e-09 1.26572e-09 1.28233e-09 1.38366e-09 1.32474e-09 1.37384e-09 1.47257e-09 1.44174e-09 1.25841e-09 1.46982e-09 1.41555e-09 1.30972e-09 1.29455e-09 1.30059e-09 1.2988e-09 1.34998e-09 1.47231e-09 1.31579e-09 1.44852e-09 4.28826e-11 4.28352e-11 4.27151e-11 4.29482e-11 7.77714e-10 7.75862e-10 6.76967e-10 7.87477e-10 7.46753e-10 4.09975e-10 4.09346e-10 4.09958e-10 4.11632e-10 4.09457e-10 4.12309e-10
1.31695e-09 1.30864e-09 1.27914e-09 1.45878e-09 1.34028e-09 1.2638e-09 1.46929e-09 1.44434e-09 1.45495e-09 1.43662e-09 1.35388e-09 1.26148e-09 1.43248e-09 1.29577e-09 1.32376e-09 1.45464e-09 1.47335e-09 1.44925e-09 1.48104e-09 1.47348e-09 1.36354e-09 1.40371e-09 1.42924e-09 1.32427e-09 1.42165e-09 1.25372e-09 1.37419e-09 1.26588e-09 1.28886e-09 1.40702e-09 1.44395e-09 1.44377e-09 1.40744e-09 1.30083e-09 1.44874e-09 1.43263e-09 1.35967e-09 1.36236e-09 1.41347e-09 1.29355e-09 4.24939e-11 4.28275e-11 4.21842e-11 4.23041e-11 8.73035e-10 7.99446e-10 7.69583e-10 8.40363e-10 7.48836e-10 4.10069e-10 4.11939e-10 4.12082e-10 4.11574e-10 4.12054e-10 4.09095e-10
1.26537e-09 1.3779e-09 1.35316e-09 1.39073e-09 1.3124e-09 1.42429e-09 1.3098e-09 1.41042e-09 1.4877e-09 1.43697e-09 1.48346e-09 1.31953e-09 1.41573e-09 1.46162e-09 1.33862e-09 1.3399e-09 1.28728e-09 1.39375e-09 1.46633e-09 1.44638e-09 1.27579e-09 1.37975e-09 1.35252e-09 1.47989e-09 1.29356e-09 1.46044e-09 1.43898e-09 1.29692e-09 1.35823e-09 1.3308e-09 7.48628e-10 8.12769e-10 7.67151e-10 8.04367e-10 7.83008e-10 7.80439e-10 8.17294e-10 7.21806e-10 8.70442e-10 8.72852e-10 7.93525e-10 7.95056e-10 7.94071e-10 7.85168e-10 6.87237e-10 7.97448e-10 7.47525e-10 8.72341e-10 6.83386e-10 4.09756e-10 4.12386e-10 4.09583e-10 4.11672e-10 4.09825e-10 4.11978e-10
1.43598e-09 1.2745e-09 1.43523e-09 1.41956e-09 1.47527e-09 1.32976e-09 1.46975e-09 1.30634e-09 1.37824e-09 1.44728e-09 1.42281e-09 1.34997e-09 7.72619e-10 7.62898e-10 8.57373e-10 8.50349e-10 8.58081e-10 7.79519e-10 8.63705e-10 8.63954e-10 6.85202e-10 6.87648e-10 7.01116e-10 8.70523e-10 6.89752e-10 8.58233e-10 8.60258e-10 7.07139e-10 8.38256e-10 8.08962e-10 6.76311e-10 6.87176e-10 6.94041e-10 7.87028e-10 8.31181e-10 8.72988e-10 7.069e-10 7.11869e-10 7.57992e-10 6.78921e-10 7.92731e-10 7.95225e-10 7.67107e-10 7.61254e-10 8.59497e-10 8.63851e-10 8.66029e-10 7.16271e-10 7.81082e-10 4.11948e-10 4.09415e-10 4.09491e-10 4.11537e-10 4.11533e-10 4.11866e-10
7.56802e-10 7.80833e-10 7.99319e-10 7.00642e-10 8.12538e-10 8.59975e-10 8.69131e-10 7.59686e-10 8.02826e-10 8.62965e-10 8.18277e-10 7.81405e-10 7.17207e-10 7.2512e-10 8.57464e-10 8.53994e-10 7.56884e-10 8.17106e-10 7.30601e-10 8.56912e-10 7.12049e-10 7.91772e-10 8.09285e-10 7.34271e-10 7.77133e-10 8.69567e-10 7.37021e-10 6.94462e-10 8.24919e-10 8.39264e-10 7.81281e-10 8.65673e-10 8.66137e-10 8.6281e-10 6.98974e-10 7.63661e-10 8.6006e-10 8.03924e-10 6.79852e-10 8.65876e-10 7.80838e-10 7.95081e-10 7.94399e-10 7.95192e-10 7.29197e-10 8.02465e-10 7.64219e-10 8.12197e-10 6.85465e-10 8.65476e-10 4.09128e-10 4.11682e-10 4.10217e-10 4.11816e-10 4.12552e-10
7.14584e-10 7.72269e-10 6.98843e-10 8.37939e-10 8.19225e-10 6.81453e-10 6.8095e-10 8.59918e-10 8.11373e-10 7.63868e-10 7.48765e-10 8.14023e-10 8.37236e-10 8.26566e-10 7.11274e-10 8.71093e-10 8.72794e-10 7.90825e-10 8.22507e-10 8.28412e-10 6.97026e-10 7.59596e-10 8.70694e-10 7.39054e-10 8.19122e-10 7.25658e-10 8.46588e-10 6.75844e-10 7.24572e-10 8.65865e-10 8.27394e-10 8.6905e-10 8.60095e-10 7.36857e-10 7.52291e-10 6.76344e-10 8.60404e-10 8.17742e-10 8.7285e-10 8.66912e-10 7.94308e-10 7.90028e-10 7.79599e-10 7.73992e-10 6.8691e-10 8.63106e-10 8.5726e-10 8.12328e-10 7.87173e-10 6.98027e-10 4.12286e-10 4.09254e-10 4.09931e-10 4.09189e-10 4.10412e-10
8.41665e-10 8.61857e-10 7.6905e-10 8.73027e-10 8.62799e-10 8.53145e-10 7.96402e-10 8.58675e-10 7.89983e-10 7.25238e-10 8.65294e-10 7.8345e-10 8.65607e-10 7.28124e-10 7.36682e-10 7.86705e-10 8.73001e-10 7.5515e-10 8.43044e-10 8.33744e-10 7.0356e-10 8.57131e-10 7.98497e-10 8.73597e-10 6.93266e-10 8.12842e-10 8.66507e-10 8.55915e-10 8.17003e-10 8.73071e-10 8.07671e-10 6.9621e-10 7.12237e-10 7.9104e-10 8.55707e-10 8.15596e-10 8.29934e-10 8.61894e-10 8.6485e-10 6.97945e-10 7.82968e-10 7.92891e-10 7.94345e-10 7.94644e-10 7.80411e-10 8.15003e-10 7.20819e-10 8.64382e-10 7.1715e-10 8.62591e-10 4.12685e-10 4.09376e-10 4.10409e-10 4.12761e-10 4.09048e-10
8.57767e-10 6.87745e-10 7.10539e-10 8.09147e-10 7.38147e-10 8.62318e-10 7.41554e-10 8.34003e-10 8.63452e-10 7.20034e-10 7.6001e-10 8.67559e-10 8.54451e-10 8.14371e-10 7.13162e-10 8.70075e-10 8.48208e-10 8.48883e-10 8.30481e-10 7.75964e-10 8.24114e-10 8.73178e-10 7.64517e-10 7.38922e-10 8.58947e-10 8.69971e-10 8.57718e-10 8.12986e-10 7.09961e-10 8.12235e-10 8.08561e-10 7.41857e-10 8.1744e-10 8.58663e-10 8.0754e-10 8.70115e-10 7.05823e-10 6.81394e-10 7.05267e-10 8.15334e-10 7.81576e-10 7.6587e-10 7.69697e-10 7.94045e-10 8.29886e-10 8.27435e-10 7.80173e-10 8.68001e-10 7.95651e-10 7.49181e-10 4.11602e-10 4.09004e-10 8.37942e-10 8.17645e-10 8.69865e-10
8.64345e-10 8.61114e-10 6.80256e-10 8.10155e-10 7.71384e-10 8.64558e-10 8.32238e-10 8.38476e-10 8.33917e-10 8.72621e-10 7.1598e-10 8.14673e-10 6.89831e-10 8.17053e-10 8.60621e-10 7.27928e-10 7.47859e-10 8.65909e-10 7.73016e-10 6.89544e-10 7.6514e-10 8.57355e-10 8.37883e-10 7.63181e-10 8.73031e-10 8.06129e-10 8.6489e-10 7.24933e-10 8.62414e-10 8.49367e-10 8.61967e-10 8.63483e-10 8.72161e-10 7.36624e-10 8.64833e-10 7.73225e-10 8.68481e-10 7.34998e-10 7.09588e-10 7.08557e-10 7.67518e-10 7.94336e-10 7.95008e-10 7.93604e-10 8.37278e-10 7.92108e-10 7.61875e-10 7.86999e-10 8.67214e-10 7.94453e-10 8.51963e-10 7.87697e-10 8.14421e-10 7.47853e-10 7.48807e-10
7.60801e-10 6.84234e-10 8.62766e-10 8.21492e-10 8.7283e-10 8.71253e-10 7.67891e-10 8.57114e-10 8.59575e-10 8.72123e-10 8.56693e-10 6.78134e-10 7.51456e-10 7.55909e-10 7.55061e-10 8.47416e-10 7.76361e-10 7.55915e-10 8.69193e-10 8.6713e-10 8.26259e-10 8.7148e-10 8.08794e-10 7.40276e-10 8.63389e-10 7.86671e-10 8.04035e-10 8.14606e-10 7.41107e-10 7.87591e-10 7.0631e-10 8.57087e-10 8.26588e-10 7.32791e-10 7.03843e-10 8.6696e-10 8.60729e-10 8.6377e-10 8.32953e-10 7.03445e-10 7.93605e-10 7.93789e-10 7.9285e-10 7.93025e-10 8.65631e-10 8.08137e-10 8.38863e-10 8.10374e-10 8.2589e-10 8.73605e-10 8.71864e-10 7.49391e-10 7.751e-10 8.66797e-10 8.66378e-10
8.43285e-10 8.01537e-10 8.71824e-10 7.43647e-10 8.12667e-10 7.41584e-10 7.91267e-10 8.67178e-10 8.08245e-10 7.87771e-10 8.55248e-10 7.02997e-10 7.53231e-10 7.79323e-10 8.26846e-10 7.92613e-10 7.28934e-10 8.43592e-10 7.12272e-10 7.7045e-10 8.62633e-10 7.94548e-10 8.53632e-10 8.71993e-10 8.73729e-10 6.98549e-10 8.13738e-10 8.6478e-10 7.78766e-10 8.67968e-10 7.74637e-10 8.72791e-10 7.84278e-10 8.15167e-10 8.40057e-10 6.91641e-10 7.17055e-10 8.6527e-10 7.07044e-10 8.62521e-10 7.93964e-10 7.92994e-10 7.72526e-10 7.86223e-10 7.92891e-10 8.61891e-10 8.66567e-10 8.56787e-10 7.26177e-10 8.05643e-10 7.16264e-10 8.4439e-10 6.84737e-10 6.96519e-10 7.21815e-10
7.39677e-10 7.62375e-10 6.91569e-10 7.33572e-10 8.29549e-10 8.41664e-10 8.71571e-10 8.16604e-10 7.41261e-10 8.56158e-10 7.36923e-10 8.28993e-10 8.58119e-10 8.53112e-10 8.71602e-10 8.13877e-10 7.58795e-10 6.87324e-10 7.90566e-10 8.34673e-10 8.27001e-10 8.21266e-10 7.58305e-10 8.70391e-10 7.87285e-10 8.16951e-10 8.19903e-10 8.49348e-10 8.48933e-10 7.67642e-10 8.66642e-10 7.61607e-10 8.46208e-10 8.60804e-10 7.64301e-10 8.06583e-10 8.69793e-10 7.96017e-10 8.6936e-10 8.56792e-10 7.70661e-10 7.92883e-10 7.81199e-10 7.91737e-10 7.94873e-10 7.93637e-10 8.68449e-10 8.30165e-10 7.499e-10 8.69121e-10 6.96827e-10 6.99144e-10 7.79746e-10 7.70685e-10 7.70703e-10
8.21896e-10 8.44249e-10 8.65135e-10 7.83177e-10 8.33194e-10 7.86077e-10 8.6064e-10 7.46102e-10 6.87512e-10 8.62765e-10 8.64555e-10 8.65638e-10 8.02435e-10 6.95602e-10 7.43758e-10 7.49979e-10 8.26121e-10 8.04316e-10 7.30596e-10 8.62917e-10 8.70529e-10 7.30151e-10 8.27143e-10 8.57726e-10 7.98817e-10 8.02782e-10 6.77339e-10 7.65539e-10 8.23072e-10 8.61097e-10 8.56678e-10 7.26024e-10 8.70244e-10 6.78679e-10 8.65488e-10 6.93676e-10 7.04684e-10 7.316e-10 7.48965e-10 7.95307e-10 7.95115e-10 7.69374e-10 7.94114e-10 7.75042e-10 7.56455e-10 7.89356e-10 7.94746e-10 7.86245e-10 7.81238e-10 7.93141e-10 7.65241e-10 7.93617e-10 7.94407e-10 7.95392e-10 7.93748e-10
8.60342e-10 7.03075e-10 6.86319e-10 8.09181e-10 6.8472e-10 7.02564e-10 7.9246e-10 8.38892e-10 8.06399e-10 7.03017e-10 6.99187e-10 8.58475e-10 7.71227e-10 6.86671e-10 8.14916e-10 6.78295e-10 8.17645e-10 8.66237e-10 7.49025e-10 7.60125e-10 7.92785e-10 7.93467e-10 7.90127e-10 7.85927e-10 7.93182e-10 7.95436e-10 7.73427e-10 7.79802e-10 7.95479e-10 7.94063e-10 7.65531e-10 7.82289e-10 7.76596e-10 7.93002e-10 7.94217e-10 7.59646e-10 7.92752e-10 7.72026e-10 7.94061e-10 7.82673e-10 7.94843e-10 7.92925e-10 7.82829e-10 7.77336e-10 7.9295e-10 7.84348e-10 7.92442e-10 7.95725e-10 7.92788e-10 7.94302e-10 7.80886e-10 7.94576e-10 7.5998e-10 7.80243e-10 7.73629e-10
7.9303e-10 7.66184e-10 7.94484e-10 7.95665e-10 7.94497e-10 7.94732e-10 7.94165e-10 7.93551e-10 7.93917e-10 7.9492e-10 7.942e-10 7.81037e-10 7.94986e-10 7.95139e-10 7.94657e-10 7.93483e-10 7.9271e-10 7.61434e-10 7.93862e-10 7.94667e-10 7.80356e-10 7.95376e-10 7.68497e-10 7.72092e-10 7.92647e-10 7.94949e-10 7.95108e-10 7.94691e-10 7.95035e-10 7.9555e-10 7.71751e-10 7.93654e-10 7.94874e-10 7.92858e-10 7.8885e-10 7.94052e-10 7.92925e-10 7.61048e-10 7.95178e-10 7.94997e-10 7.76032e-10 7.94972e-10 7.57128e-10 7.92871e-10 7.94137e-10 7.84835e-10 7.94806e-10 7.94381e-10 7.77311e-10 7.80242e-10 7.78658e-10 7.69157e-10 7.92904e-10 7.93774e-10 7.94119e-10
7.93681e-10 7.84379e-10 7.73554e-10 7.65092e-10 7.93216e-10 7.7613e-10 7.95217e-10 7.92679e-10 7.93719e-10 7.93121e-10 7.87823e-10 7.94325e-10 7.94256e-10 7.92963e-10 7.93227e-10 7.93102e-10 7.91439e-10 7.94154e-10 7.93942e-10 7.95009e-10 7.86682e-10 7.7517e-10 7.9534e-10 7.67952e-10 7.95248e-10 7.95244e-10 7.92788e-10 7.65193e-10 7.57132e-10 7.95029e-10 7.59922e-10 7.92264e-10 7.93912e-10 7.94539e-10 9.43471e-10 1.01387e-09 9.85903e-10 7.95055e-10 7.92624e-10 9.58391e-10 9.5256e-10 9.86158e-10 9.58882e-10 1.02754e-09 1.02029e-09 9.75869e-10 9.89529e-10 4.29063e-11 4.23279e-11 9.50273e-10 7.92824e-10 7.95433e-10 7.94067e-10 7.93041e-10 7.86717e-10
7.95201e-10 7.8322e-10 7.94917e-10 7.93541e-10 7.57247e-10 7.95381e-10 7.95424e-10 7.68878e-10 7.9366e-10 7.95267e-10 7.94389e-10 7.92658e-10 7.94619e-10 7.95373e-10 7.85255e-10 7.91098e-10 7.94293e-10 1.03459e-09 9.87968e-10 1.02464e-09 9.46953e-10 1.02968e-09 9.99717e-10 1.02638e-09 9.96595e-10 7.93033e-10 7.95615e-10 9.79092e-10 9.77275e-10 1.00455e-09 9.89654e-10 9.4345e-10 9.9077e-10 1.01969e-09 9.93577e-10 9.83127e-10 9.55767e-10 7.79853e-10 7.89582e-10 9.63801e-10 1.00912e-09 9.7744e-10 9.645e-10 1.01527e-09 9.60617e-10 1.03377e-09 1.03356e-09 4.2682e-11 4.231e-11 9.93415e-10 7.70071e-10 7.91002e-10 7.93626e-10 7.95679e-10 7.90195e-10
