data/sample/Evap0000365.asc
NCOLS 252
NROWS 252
XLLCORNER 393313.311421
YLLCORNER 5826566.113860
CELLSIZE 1.000000
NODATA_VALUE        1e31
[rows 192 to 215 of 252, columns 165 to 219 of 252]
4.12856e-10 4.09114e-10 4.0971e-10 4.09183e-10 4.12828e-10 4.11479e-10 4.12395e-10 1.39539e-09 1.41193e-09 7.80025e-10 7.95531e-10 7.24038e-10 8.62116e-10 7.50712e-10 8.15844e-10 7.99464e-10 1.08883e-13 1.08882e-13 1.08882e-13 1.08882e-13 1.08882e-13 1.08882e-13 1.08882e-13 1.08882e-13 1.08882e-13 1.08882e-13 1.08882e-13 1.08882e-13 7.94073e-10 1.00692e-09 9.64913e-10 1.00273e-09 1.01014e-09 1.00937e-09 1.03261e-09 1.01572e-09 1.02026e-09 9.83809e-10 9.73133e-10 1.02758e-09 1.00321e-09 7.94131e-10 7.94891e-10 7.94654e-10 7.93676e-10 7.89682e-10 4.29388e-11 4.23213e-11 4.26877e-11 4.26437e-11 4.22107e-11 4.26552e-11 4.2159e-11 4.26411e-11 4.23802e-11
4.10425e-10 4.12853e-10 4.12256e-10 4.09223e-10 4.09163e-10 4.09816e-10 4.1262e-10 1.44018e-09 1.47668e-09 7.94492e-10 7.71133e-10 7.61096e-10 6.79216e-10 7.23747e-10 7.07799e-10 8.4347e-10 1.08883e-13 1.08883e-13 1.08883e-13 1.08882e-13 1.08882e-13 1.08882e-13 1.08882e-13 1.08882e-13 1.08882e-13 1.08882e-13 1.08882e-13 1.08882e-13 7.9567e-10 9.78133e-10 1.02651e-09 1.01344e-09 9.95364e-10 9.90122e-10 9.73279e-10 9.99636e-10 9.69218e-10 9.95527e-10 9.44192e-10 1.018e-09 9.7458e-10 7.95626e-10 7.87743e-10 7.94832e-10 7.73846e-10 7.93258e-10 4.25165e-11 4.21726e-11 4.28053e-11 4.26962e-11 4.24749e-11 4.2653e-11 4.27443e-11 4.29346e-11 4.29388e-11
4.09263e-10 4.12115e-10 4.0962e-10 4.12493e-10 4.09846e-10 4.09107e-10 4.09533e-10 4.12235e-10 7.92887e-10 7.76454e-10 7.94767e-10 7.00511e-10 8.67478e-10 7.85037e-10 7.71955e-10 8.47193e-10 1.08883e-13 1.08883e-13 1.08883e-13 1.08883e-13 1.08882e-13 1.08882e-13 1.08882e-13 1.08882e-13 1.08882e-13 1.08882e-13 1.08882e-13 1.08882e-13 7.85343e-10 7.63533e-10 9.8625e-10 1.03314e-09 1.02491e-09 9.73053e-10 9.64913e-10 9.61854e-10 1.0142e-09 9.94803e-10 1.02316e-09 1.002e-09 1.01998e-09 7.67667e-10 7.9307e-10 7.95583e-10 7.9007e-10 7.92782e-10 4.2648e-11 4.26429e-11 4.2213e-11 4.27014e-11 4.29268e-11 4.26406e-11 4.21722e-11 4.26724e-11 4.25783e-11
4.09088e-10 4.09726e-10 4.0984e-10 4.09825e-10 4.12927e-10 4.08771e-10 4.09267e-10 4.09686e-10 7.88298e-10 7.95575e-10 7.92765e-10 8.275e-10 8.67112e-10 8.20995e-10 7.94417e-10 7.95293e-10 1.08883e-13 1.08883e-13 1.08883e-13 1.08883e-13 1.08883e-13 1.08883e-13 1.08882e-13 1.08882e-13 1.08882e-13 1.08882e-13 1.08882e-13 1.08882e-13 7.94942e-10 7.94518e-10 9.5656e-10 9.55092e-10 9.7081e-10 9.82567e-10 9.65574e-10 1.01887e-09 9.49369e-10 1.00757e-09 1.01672e-09 9.97024e-10 9.91451e-10 7.78437e-10 7.94498e-10 7.95432e-10 7.64631e-10 7.69901e-10 4.28643e-11 4.25272e-11 4.28106e-11 4.23192e-11 4.26712e-11 4.22875e-11 4.22014e-11 4.23909e-11 4.26072e-11
4.12913e-10 4.10545e-10 4.08916e-10 4.09988e-10 4.08755e-10 4.11951e-10 4.10456e-10 4.12338e-10 7.90026e-10 7.81677e-10 7.76826e-10 7.58278e-10 7.92646e-10 7.9379e-10 7.94955e-10 7.79974e-10 1.08883e-13 1.08883e-13 1.08883e-13 1.08883e-13 1.08883e-13 1.08883e-13 1.08883e-13 1.08882e-13 1.08882e-13 1.08882e-13 1.08882e-13 1.08882e-13 7.56761e-10 7.8344e-10 1.02347e-09 9.50801e-10 1.00328e-09 9.64437e-10 1.0017e-09 1.02881e-09 9.60172e-10 1.00678e-09 1.0265e-09 9.97074e-10 1.01563e-09 7.70166e-10 7.95545e-10 7.95597e-10 7.79684e-10 4.27854e-11 4.22079e-11 4.29465e-11 4.27188e-11 4.2814e-11 4.25244e-11 4.24953e-11 4.27126e-11 4.24938e-11 4.26984e-11
4.11544e-10 4.11671e-10 4.12517e-10 4.10329e-10 4.09942e-10 4.1249e-10 4.12263e-10 4.08989e-10 7.8641e-10 7.83545e-10 7.94349e-10 7.93763e-10 7.94491e-10 7.68874e-10 7.94445e-10 7.95717e-10 1.08883e-13 1.08883e-13 1.08883e-13 1.08883e-13 1.08883e-13 1.08883e-13 1.08883e-13 1.08883e-13 1.08883e-13 1.08882e-13 1.08882e-13 1.08882e-13 7.89528e-10 7.86073e-10 1.03292e-09 1.03181e-09 1.00361e-09 9.74884e-10 9.49738e-10 9.73039e-10 1.01127e-09 1.0068e-09 1.01442e-09 9.66388e-10 9.91463e-10 7.60745e-10 7.94588e-10 7.94392e-10 7.83415e-10 4.24661e-11 4.27897e-11 4.22243e-11 4.28235e-11 4.2707e-11 4.24532e-11 4.27211e-11 4.23061e-11 4.28714e-11 4.26377e-11
4.09476e-10 4.0919e-10 4.1047e-10 4.10293e-10 4.11551e-10 4.10129e-10 4.12047e-10 4.10231e-10 7.89821e-10 7.9403e-10 7.95308e-10 7.58376e-10 7.95142e-10 7.92651e-10 7.93674e-10 7.94412e-10 1.08883e-13 1.08883e-13 1.08883e-13 1.08883e-13 1.08883e-13 1.08883e-13 1.08883e-13 1.08883e-13 1.08883e-13 1.08883e-13 1.08882e-13 1.08882e-13 7.94765e-10 7.83853e-10 9.53609e-10 1.00028e-09 9.92634e-10 9.71951e-10 9.61208e-10 1.02179e-09 1.00609e-09 9.64052e-10 9.95552e-10 9.85469e-10 1.0079e-09 7.95605e-10 7.94411e-10 7.95479e-10 7.95439e-10 4.23706e-11 4.26406e-11 4.23336e-11 4.27923e-11 4.22236e-11 4.27829e-11 4.27795e-11 4.28413e-11 4.28013e-11 4.2477e-11
4.10357e-10 4.11825e-10 4.1227e-10 4.12247e-10 4.09227e-10 4.08925e-10 4.09052e-10 4.11955e-10 7.94762e-10 7.72144e-10 7.87036e-10 7.84317e-10 7.95507e-10 7.94345e-10 7.81755e-10 7.72432e-10 1.08883e-13 1.08883e-13 1.08883e-13 1.08883e-13 1.08883e-13 1.08883e-13 1.08883e-13 1.08883e-13 1.08883e-13 1.08883e-13 1.08883e-13 1.08883e-13 7.94198e-10 7.94574e-10 9.84518e-10 9.61227e-10 9.70154e-10 9.92826e-10 1.01171e-09 9.86886e-10 9.97787e-10 9.74639e-10 1.02789e-09 1.01556e-09 1.01048e-09 7.94441e-10 7.74953e-10 7.57475e-10 7.93701e-10 4.27183e-11 4.24743e-11 4.27403e-11 4.23866e-11 4.25794e-11 4.21624e-11 4.21628e-11 4.27913e-11 4.28147e-11 4.22168e-11
4.10267e-10 4.12355e-10 4.10202e-10 4.11846e-10 4.08867e-10 4.11759e-10 4.08974e-10 4.1281e-10 1.40172e-09 1.4157e-09 7.88339e-10 8.03125e-10 7.89621e-10 8.45806e-10 7.77234e-10 8.52718e-10 8.58962e-10 1.08883e-13 1.08883e-13 1.08883e-13 1.08883e-13 1.08883e-13 1.08883e-13 1.08883e-13 1.08883e-13 1.08883e-13 1.08883e-13 1.08883e-13 7.95247e-10 7.93424e-10 9.48937e-10 9.832e-10 1.01332e-09 9.50206e-10 1.00901e-09 1.03043e-09 1.00023e-09 1.0254e-09 1.02905e-09 9.56514e-10 1.0026e-09 7.67231e-10 7.93804e-10 7.94874e-10 7.94641e-10 4.24131e-11 4.28587e-11 4.29123e-11 4.25391e-11 4.26759e-11 4.26832e-11 4.24894e-11 4.25071e-11 4.25035e-11 4.2436e-11
4.12021e-10 4.10566e-10 4.09414e-10 4.12958e-10 4.12549e-10 4.12898e-10 4.12398e-10 4.12163e-10 1.46644e-09 1.36584e-09 7.79212e-10 8.68356e-10 8.72552e-10 7.18257e-10 8.66369e-10 8.11468e-10 8.50604e-10 1.08883e-13 1.08883e-13 1.08883e-13 1.08883e-13 1.08883e-13 1.08883e-13 1.08883e-13 1.08883e-13 1.08883e-13 1.08883e-13 1.08883e-13 7.70275e-10 7.95485e-10 1.0036e-09 1.02542e-09 1.00763e-09 9.74935e-10 9.56176e-10 9.73188e-10 1.00958e-09 1.00749e-09 9.65587e-10 9.57686e-10 9.64789e-10 7.93578e-10 7.91983e-10 7.92809e-10 7.86791e-10 4.27872e-11 4.24244e-11 4.25361e-11 4.23483e-11 4.29269e-11 4.26164e-11 4.24081e-11 4.23718e-11 4.25844e-11 4.27569e-11
4.12601e-10 4.11493e-10 4.09285e-10 4.09478e-10 4.10107e-10 4.09627e-10 4.12192e-10 4.12827e-10 1.44848e-09 1.30513e-09 7.94887e-10 8.48256e-10 8.66329e-10 8.46344e-10 8.2174e-10 6.98386e-10 7.10204e-10 1.08883e-13 1.08883e-13 1.08883e-13 1.08883e-13 1.08883e-13 1.08883e-13 1.08883e-13 1.08883e-13 1.08883e-13 1.08883e-13 1.08883e-13 7.93317e-10 7.90453e-10 9.71084e-10 9.52946e-10 1.02068e-09 1.02657e-09 9.81892e-10 1.02153e-09 9.93735e-10 1.03402e-09 9.55663e-10 1.02912e-09 9.95289e-10 7.92987e-10 7.93289e-10 7.93901e-10 7.7091e-10 4.23063e-11 4.22021e-11 4.27347e-11 4.21606e-11 4.28413e-11 4.26243e-11 4.23697e-11 4.29078e-11 4.2565e-11 4.27797e-11
4.11918e-10 4.12913e-10 4.10573e-10 4.12139e-10 4.10415e-10 4.12715e-10 4.12942e-10 4.09912e-10 1.47469e-09 1.48089e-09 7.95196e-10 7.60984e-10 6.93218e-10 8.28211e-10 7.31797e-10 8.58832e-10 8.59168e-10 1.08883e-13 1.08883e-13 1.08883e-13 1.08883e-13 1.08883e-13 1.08883e-13 1.08883e-13 1.08883e-13 1.08883e-13 1.08883e-13 1.08883e-13 7.95521e-10 7.94238e-10 1.0294e-09 1.01384e-09 9.54179e-10 1.00509e-09 1.0238e-09 9.98872e-10 1.00474e-09 9.9683e-10 9.6216e-10 1.00226e-09 9.90533e-10 7.93004e-10 7.94047e-10 7.95102e-10 7.93197e-10 4.28013e-11 4.24394e-11 4.28394e-11 4.25149e-11 4.25656e-11 4.23023e-11 4.26973e-11 4.26446e-11 4.27587e-11 4.22138e-11
1.43774e-09 1.35397e-09 4.10071e-10 4.10437e-10 4.1007e-10 4.09703e-10 4.11594e-10 4.0983e-10 1.39629e-09 1.33042e-09 7.95177e-10 7.67417e-10 7.86824e-10 8.13151e-10 8.705e-10 8.56662e-10 7.38997e-10 1.08883e-13 1.08883e-13 1.08883e-13 1.08883e-13 1.08883e-13 1.08883e-13 1.08883e-13 1.08883e-13 1.08883e-13 1.08883e-13 1.08883e-13 7.83385e-10 7.94976e-10 1.01087e-09 9.45085e-10 1.0296e-09 1.00211e-09 9.927e-10 1.02985e-09 9.45657e-10 1.00986e-09 9.49728e-10 9.49426e-10 1.02866e-09 7.56796e-10 7.70663e-10 7.73857e-10 7.95697e-10 4.21951e-11 4.26798e-11 4.21612e-11 4.25564e-11 4.23044e-11 4.24199e-11 4.25633e-11 4.28103e-11 4.2225e-11 4.27276e-11
1.46909e-09 1.43346e-09 4.12658e-10 4.09094e-10 4.10545e-10 4.12521e-10 4.10134e-10 4.10485e-10 1.42095e-09 1.34366e-09 7.74652e-10 7.94973e-10 7.15209e-10 7.12323e-10 8.63973e-10 8.57073e-10 8.01798e-10 1.08883e-13 1.08883e-13 1.08883e-13 1.08883e-13 1.08883e-13 1.08883e-13 1.08883e-13 1.08883e-13 1.08883e-13 1.08883e-13 1.08883e-13 7.94923e-10 7.90303e-10 1.02288e-09 9.4973e-10 9.86681e-10 1.00218e-09 9.59948e-10 9.74879e-10 9.79534e-10 9.91544e-10 1.02128e-09 1.03053e-09 9.71039e-10 7.91821e-10 7.89451e-10 7.68393e-10 7.89594e-10 4.29454e-11 4.21594e-11 4.24568e-11 4.26789e-11 4.28093e-11 4.25975e-11 4.25601e-11 4.25772e-11 4.26585e-11 4.22321e-11
1.3196e-09 1.33973e-09 4.11997e-10 4.10271e-10 4.11634e-10 4.09064e-10 4.10443e-10 4.10586e-10 1.40183e-09 1.26679e-09 7.80362e-10 7.8593e-10 7.72882e-10 6.81134e-10 8.69064e-10 8.16665e-10 8.70564e-10 1.08883e-13 1.08883e-13 1.08883e-13 1.08883e-13 1.08883e-13 1.08883e-13 1.08883e-13 1.08883e-13 1.08883e-13 1.08883e-13 1.08883e-13 7.93631e-10 7.84354e-10 1.02311e-09 9.94278e-10 9.61566e-10 9.78171e-10 9.8851e-10 1.01348e-09 9.99918e-10 9.70654e-10 1.01285e-09 1.00744e-09 9.84297e-10 7.60435e-10 7.95608e-10 7.93543e-10 7.94409e-10 4.27571e-11 4.25378e-11 4.27497e-11 4.25549e-11 4.23829e-11 4.25603e-11 4.26973e-11 4.25829e-11 4.21626e-11 4.27499e-11
1.27398e-09 1.35644e-09 4.08953e-10 4.12619e-10 4.117e-10 4.09131e-10 4.09029e-10 4.11852e-10 1.42737e-09 1.36059e-09 7.94477e-10 7.86333e-10 8.58166e-10 6.88008e-10 8.47379e-10 6.79956e-10 8.5508e-10 1.08883e-13 1.08883e-13 1.08883e-13 1.08883e-13 1.08883e-13 1.08883e-13 1.08883e-13 1.08883e-13 1.08883e-13 1.08883e-13 1.08883e-13 7.93737e-10 7.71886e-10 1.00886e-09 9.77345e-10 1.01272e-09 9.6473e-10 9.56727e-10 9.94235e-10 9.8289e-10 9.69179e-10 1.0264e-09 9.64977e-10 9.77389e-10 7.95127e-10 7.94924e-10 7.93852e-10 7.94189e-10 4.25309e-11 4.22003e-11 4.28973e-11 4.25282e-11 4.28505e-11 4.2705e-11 4.2749e-11 4.25193e-11 4.26129e-11 4.2153e-11
1.44058e-09 1.45779e-09 4.08792e-10 4.09204e-10 4.08754e-10 4.0995e-10 4.09959e-10 4.09862e-10 1.41193e-09 1.44659e-09 7.94027e-10 7.86676e-10 6.975e-10 7.60014e-10 7.11184e-10 8.51606e-10 8.68613e-10 1.08883e-13 1.08883e-13 1.08883e-13 1.08883e-13 1.08883e-13 1.08883e-13 1.08883e-13 1.08883e-13 1.08883e-13 1.08883e-13 1.08883e-13 1.08883e-13 7.94548e-10 9.62306e-10 9.71219e-10 9.51976e-10 9.60774e-10 9.96385e-10 9.73053e-10 1.01485e-09 9.52471e-10 9.7987e-10 9.90269e-10 9.50356e-10 7.92992e-10 7.60275e-10 7.65779e-10 7.92871e-10 4.28744e-11 4.21646e-11 4.22798e-11 4.29265e-11 4.21844e-11 4.25406e-11 4.23953e-11 4.29341e-11 4.21782e-11 4.2855e-11
1.48871e-09 1.34781e-09 4.11674e-10 4.11966e-10 4.09291e-10 4.10347e-10 4.10313e-10 4.11832e-10 1.39086e-09 1.41677e-09 7.93896e-10 7.9368e-10 7.9915e-10 7.903e-10 8.17871e-10 7.77516e-10 7.07443e-10 1.08883e-13 1.08883e-13 1.08883e-13 1.08883e-13 1.08883e-13 1.08883e-13 1.08883e-13 1.08883e-13 1.08883e-13 1.08883e-13 1.08883e-13 1.08883e-13 7.74793e-10 9.48311e-10 9.55289e-10 9.88409e-10 9.72985e-10 9.74572e-10 1.03461e-09 1.02259e-09 9.70002e-10 9.91131e-10 9.76915e-10 9.6831e-10 7.94035e-10 7.84841e-10 7.72405e-10 7.95166e-10 4.26704e-11 4.2916e-11 4.29054e-11 4.26561e-11 4.27894e-11 4.2552e-11 4.25946e-11 4.28066e-11 4.22916e-11 4.28033e-11
1.41667e-09 1.39384e-09 4.0968e-10 4.0889e-10 4.1197e-10 4.11501e-10 4.12955e-10 4.11828e-10 1.33122e-09 1.44204e-09 7.93304e-10 7.92558e-10 7.69074e-10 7.41e-10 7.77805e-10 7.306e-10 8.59907e-10 1.08883e-13 1.08883e-13 1.08883e-13 1.08883e-13 1.08883e-13 1.08883e-13 1.08883e-13 1.08883e-13 1.08883e-13 1.08883e-13 1.08883e-13 1.08883e-13 7.95335e-10 9.75906e-10 9.6052e-10 1.02772e-09 9.96793e-10 1.01248e-09 1.02594e-09 9.78134e-10 9.53786e-10 9.70694e-10 9.99807e-10 9.52325e-10 7.937e-10 7.95405e-10 7.92633e-10 7.65736e-10 4.23198e-11 4.24311e-11 4.2759e-11 4.21546e-11 4.29071e-11 4.27215e-11 4.24248e-11 4.23232e-11 4.29501e-11 4.21984e-11
1.32734e-09 1.46095e-09 4.11591e-10 4.09301e-10 4.12652e-10 4.12113e-10 4.10534e-10 4.09084e-10 1.46657e-09 1.28714e-09 7.93971e-10 7.77933e-10 8.32565e-10 8.24045e-10 7.58023e-10 7.64177e-10 8.68033e-10 1.08883e-13 1.08883e-13 1.08883e-13 1.08883e-13 1.08883e-13 1.08883e-13 1.08883e-13 1.08883e-13 1.08883e-13 1.08883e-13 1.08883e-13 1.08883e-13 7.66402e-10 9.49666e-10 9.80588e-10 9.44734e-10 1.0167e-09 9.70288e-10 9.74784e-10 1.00389e-09 1.02004e-09 9.95356e-10 9.87952e-10 1.03125e-09 7.94511e-10 7.95136e-10 7.94648e-10 7.83452e-10 4.27232e-11 4.29075e-11 4.28059e-11 4.21622e-11 4.26631e-11 4.26259e-11 4.2171e-11 4.21789e-11 4.25251e-11 4.27978e-11
1.4129e-09 1.34414e-09 4.10012e-10 4.11658e-10 4.098e-10 4.09282e-10 4.12445e-10 4.12687e-10 1.30844e-09 1.35453e-09 7.76219e-10 7.73794e-10 7.28045e-10 7.84693e-10 8.57513e-10 8.26068e-10 8.62033e-10 1.08883e-13 1.08883e-13 1.08883e-13 1.08883e-13 1.08883e-13 1.08883e-13 1.08883e-13 1.08883e-13 1.08883e-13 1.08883e-13 1.08883e-13 1.08883e-13 7.86018e-10 1.00528e-09 9.61686e-10 1.00466e-09 9.77879e-10 9.58743e-10 9.48694e-10 9.6428e-10 9.82043e-10 1.00883e-09 9.7122e-10 1.00733e-09 7.74794e-10 7.95078e-10 7.93299e-10 7.93302e-10 4.28142e-11 4.26248e-11 4.26632e-11 4.24852e-11 4.2364e-11 4.25284e-11 4.28291e-11 4.24004e-11 4.2772e-11 4.26126e-11
1.27389e-09 4.1055e-10 4.11879e-10 4.11622e-10 4.10075e-10 4.12531e-10 4.09467e-10 4.11993e-10 1.44352e-09 1.38174e-09 7.92692e-10 7.93996e-10 7.14474e-10 8.34568e-10 7.78484e-10 8.06173e-10 7.82316e-10 1.08883e-13 1.08883e-13 1.08883e-13 1.08883e-13 1.08883e-13 1.08883e-13 1.08883e-13 1.08883e-13 1.08883e-13 1.08883e-13 1.08883e-13 1.08883e-13 7.93076e-10 9.85738e-10 1.03438e-09 1.02354e-09 1.0294e-09 9.54312e-10 9.75863e-10 1.01597e-09 9.88694e-10 9.57495e-10 9.63889e-10 9.72463e-10 7.957e-10 7.70994e-10 7.94322e-10 7.79236e-10 4.28492e-11 4.2704e-11 4.28383e-11 4.28036e-11 4.24361e-11 4.22081e-11 4.25489e-11 4.22067e-11 4.29114e-11 4.27238e-11
4.09267e-10 4.11933e-10 4.08959e-10 4.09478e-10 4.09466e-10 4.11482e-10 4.10258e-10 4.09201e-10 1.40312e-09 1.45588e-09 7.95337e-10 7.76799e-10 7.98675e-10 8.6712e-10 7.14104e-10 8.67728e-10 7.65318e-10 1.08883e-13 1.08883e-13 1.08883e-13 1.08883e-13 1.08883e-13 1.08883e-13 1.08883e-13 1.08883e-13 1.08883e-13 1.08883e-13 1.08883e-13 1.08883e-13 7.95176e-10 9.62536e-10 9.99203e-10 1.00701e-09 9.89338e-10 1.01065e-09 1.03212e-09 9.68973e-10 9.9433e-10 9.48734e-10 1.01768e-09 9.98898e-10 7.67294e-10 7.78966e-10 7.93686e-10 7.82608e-10 4.26185e-11 4.27349e-11 4.25929e-11 4.25822e-11 4.23553e-11 4.28894e-11 4.28089e-11 4.26706e-11 4.25374e-11 4.27848e-11
4.10053e-10 4.12268e-10 4.10053e-10 4.1274e-10 4.12052e-10 4.12659e-10 4.09225e-10 4.09829e-10 4.09056e-10 1.29518e-09 7.93241e-10 7.93439e-10 8.15146e-10 7.09685e-10 7.85407e-10 6.83605e-10 8.34442e-10 1.08883e-13 1.08883e-13 1.08883e-13 1.08883e-13 1.08883e-13 1.08883e-13 1.08883e-13 1.08883e-13 1.08883e-13 1.08883e-13 1.08883e-13 1.08883e-13 7.95129e-10 9.86779e-10 9.73629e-10 9.54682e-10 1.03173e-09 9.8756e-10 9.85243e-10 9.55246e-10 1.01816e-09 9.97486e-10 9.64318e-10 9.84931e-10 7.92921e-10 7.93073e-10 7.95427e-10 7.76094e-10 4.24649e-11 4.21878e-11 4.26336e-11 4.28594e-11 4.26666e-11 4.24721e-11 4.21864e-11 4.27808e-11 4.23336e-11 4.26611e-11
