data/sample/Evap0000365.asc
NCOLS 252
NROWS 252
XLLCORNER 393313.311421
YLLCORNER 5826566.113860
CELLSIZE 1.000000
NODATA_VALUE        1e31
[rows 48 to 71 of 252, columns 165 to 219 of 252]
1.28506e-09 1.44707e-09 7.58074e-10 7.94872e-10 7.86697e-10 7.93271e-10 7.7819e-10 7.95102e-10 7.94593e-10 1.08878e-13 1.08878e-13 1.08878e-13 1.08878e-13 1.08878e-13 1.08878e-13 1.08878e-13 1.08878e-13 1.08878e-13 1.08878e-13 1.08878e-13 1.08878e-13 7.91889e-10 7.93672e-10 1.01519e-09 9.75617e-10 1.0138e-09 9.48226e-10 9.63306e-10 1.00795e-09 1.03438e-09 9.62835e-10 9.95806e-10 9.56619e-10 9.57222e-10 9.4717e-10 1.01165e-09 9.80079e-10 9.46568e-10 9.76336e-10 9.66735e-10 9.52432e-10 9.54426e-10 9.99452e-10 7.95805e-10 7.92892e-10 7.93198e-10 7.89037e-10 4.25138e-11 4.22065e-11 4.23583e-11 4.25304e-11 4.24929e-11 4.22371e-11 4.26888e-11 4.25857e-11
4.12017e-10 1.27989e-09 7.68626e-10 7.78315e-10 7.90019e-10 7.95383e-10 7.93492e-10 7.93206e-10 7.94225e-10 1.08878e-13 1.08878e-13 1.08878e-13 1.08878e-13 1.08878e-13 1.08878e-13 1.08878e-13 1.08878e-13 1.08878e-13 1.08878e-13 1.08878e-13 1.08878e-13 7.77006e-10 7.94187e-10 9.87264e-10 1.00096e-09 9.90587e-10 9.78552e-10 9.67132e-10 9.73487e-10 9.71165e-10 9.90391e-10 1.03359e-09 9.86571e-10 9.68268e-10 9.61478e-10 1.0003e-09 1.01153e-09 1.03169e-09 1.01484e-09 9.75297e-10 1.00563e-09 9.59076e-10 1.03199e-09 7.93968e-10 7.76004e-10 7.57439e-10 7.60535e-10 4.29232e-11 4.27693e-11 4.25142e-11 4.25829e-11 4.2173e-11 4.2748e-11 4.29122e-11 4.29544e-11
4.10148e-10 1.38581e-09 7.9541e-10 7.93009e-10 8.06862e-10 8.61679e-10 8.46603e-10 7.01791e-10 7.77167e-10 1.08878e-13 1.08878e-13 1.08878e-13 1.08878e-13 1.08878e-13 1.08878e-13 1.08878e-13 1.08878e-13 1.08878e-13 1.08878e-13 1.08878e-13 1.08878e-13 7.94537e-10 7.94829e-10 9.52591e-10 9.92765e-10 1.0245e-09 9.77315e-10 1.03137e-09 9.86048e-10 1.02799e-09 1.00746e-09 1.01836e-09 1.00984e-09 9.92162e-10 1.00637e-09 1.00807e-09 9.98316e-10 9.77559e-10 9.46139e-10 1.00681e-09 1.01287e-09 1.01138e-09 1.03533e-09 7.94205e-10 7.59961e-10 7.94697e-10 7.77488e-10 4.21907e-11 4.28567e-11 4.27133e-11 4.26854e-11 4.25422e-11 4.22121e-11 4.21883e-11 4.2748e-11
4.12553e-10 1.38147e-09 7.6532e-10 7.91165e-10 8.58756e-10 7.99887e-10 8.73954e-10 8.37175e-10 8.06516e-10 1.08878e-13 1.08878e-13 1.08878e-13 1.08878e-13 1.08878e-13 1.08878e-13 1.08878e-13 1.08878e-13 1.08878e-13 1.08878e-13 1.08878e-13 1.08878e-13 7.8512e-10 7.9422e-10 1.01564e-09 1.03497e-09 1.03442e-09 9.89275e-10 9.86225e-10 1.00511e-09 9.45939e-10 9.97666e-10 9.79656e-10 9.91651e-10 9.57857e-10 1.03475e-09 1.01469e-09 1.02675e-09 9.6464e-10 1.02254e-09 9.78353e-10 1.03295e-09 9.95584e-10 1.00097e-09 7.92734e-10 7.5854e-10 7.57164e-10 7.92957e-10 4.23452e-11 4.23555e-11 4.22224e-11 4.23219e-11 4.25492e-11 4.28574e-11 4.27755e-11 4.25597e-11
4.12697e-10 1.41761e-09 7.81791e-10 7.95559e-10 8.62411e-10 7.18906e-10 7.56639e-10 8.2781e-10 7.1099e-10 1.08878e-13 1.08878e-13 1.08878e-13 1.08878e-13 1.08878e-13 1.08878e-13 1.08878e-13 1.08878e-13 1.08878e-13 1.08878e-13 1.08878e-13 1.08878e-13 7.69677e-10 7.95718e-10 1.00614e-09 1.02385e-09 9.59289e-10 9.62522e-10 9.87653e-10 9.94634e-10 9.58471e-10 1.00073e-09 9.5433e-10 9.9083e-10 9.59876e-10 9.63264e-10 1.01561e-09 9.55282e-10 1.01492e-09 9.92869e-10 1.02162e-09 9.86427e-10 9.96224e-10 9.48149e-10 7.65382e-10 7.9561e-10 7.75438e-10 7.94008e-10 4.24748e-11 4.2468e-11 4.26905e-11 4.27595e-11 4.29121e-11 4.24985e-11 4.26675e-11 4.23994e-11
4.12259e-10 1.48609e-09 7.94542e-10 7.7402e-10 6.97927e-10 8.14379e-10 8.10838e-10 7.71243e-10 7.09786e-10 1.08878e-13 1.08878e-13 1.08878e-13 1.08878e-13 1.08878e-13 1.08878e-13 1.08878e-13 1.08878e-13 1.08878e-13 1.08878e-13 1.08878e-13 1.08878e-13 7.94077e-10 7.62528e-10 1.0258e-09 9.56509e-10 9.57615e-10 9.56939e-10 1.03332e-09 1.0241e-09 9.43735e-10 9.99026e-10 9.82052e-10 9.91449e-10 1.01592e-09 1.01719e-09 9.94116e-10 9.738e-10 1.02026e-09 1.01758e-09 1.03188e-09 9.82891e-10 1.00528e-09 1.01261e-09 7.86528e-10 7.93959e-10 7.94235e-10 7.93859e-10 4.28483e-11 4.28152e-11 4.23018e-11 4.21699e-11 4.26607e-11 4.24062e-11 4.28538e-11 4.26767e-11
4.08959e-10 1.40647e-09 7.93637e-10 7.92797e-10 8.49104e-10 6.81033e-10 8.08708e-10 8.73344e-10 7.19913e-10 1.08878e-13 1.08878e-13 1.08878e-13 1.08878e-13 1.08878e-13 1.08878e-13 1.08878e-13 1.08878e-13 1.08878e-13 1.08878e-13 1.08878e-13 1.08878e-13 7.94533e-10 7.95726e-10 1.03384e-09 1.02489e-09 9.44265e-10 9.82081e-10 1.02862e-09 9.95164e-10 9.86647e-10 9.91393e-10 9.75354e-10 1.03281e-09 1.02744e-09 9.9182e-10 9.51597e-10 9.4493e-10 9.59129e-10 9.61274e-10 1.03266e-09 1.01683e-09 1.00412e-09 1.02679e-09 7.71632e-10 7.70412e-10 7.94052e-10 7.62806e-10 4.26147e-11 4.25683e-11 4.26395e-11 4.27902e-11 4.25248e-11 4.25089e-11 4.22307e-11 4.21958e-11
4.09839e-10 1.477e-09 7.95467e-10 7.94836e-10 8.47977e-10 8.58004e-10 8.53664e-10 8.14962e-10 7.64999e-10 1.08878e-13 1.08878e-13 1.08878e-13 1.08878e-13 1.08878e-13 1.08878e-13 1.08878e-13 1.08878e-13 1.08878e-13 1.08878e-13 1.08878e-13 1.08878e-13 7.59313e-10 7.92448e-10 1.01469e-09 9.45693e-10 9.45092e-10 9.87814e-10 1.02115e-09 9.48543e-10 9.84137e-10 9.72455e-10 9.73056e-10 9.64516e-10 9.70676e-10 1.00214e-09 1.02299e-09 9.62937e-10 9.45075e-10 1.02406e-09 9.94418e-10 9.98316e-10 9.84806e-10 9.66962e-10 7.93856e-10 7.95108e-10 7.78811e-10 7.75712e-10 4.27431e-11 4.2175e-11 4.24983e-11 4.24142e-11 4.25949e-11 4.21774e-11 4.21703e-11 4.23712e-11
4.11725e-10 1.47437e-09 1.38533e-09 7.94097e-10 7.18849e-10 8.49058e-10 8.7198e-10 8.12461e-10 7.17109e-10 8.62674e-10 1.08878e-13 1.08878e-13 1.08878e-13 1.08878e-13 1.08878e-13 1.08878e-13 1.08878e-13 1.08878e-13 1.08878e-13 1.08878e-13 1.08878e-13 1.08878e-13 7.67999e-10 9.9053e-10 1.00159e-09 1.02258e-09 1.01409e-09 1.01008e-09 9.89344e-10 1.00273e-09 1.01945e-09 9.66492e-10 1.03206e-09 9.49673e-10 9.52684e-10 1.01298e-09 1.02416e-09 9.55063e-10 9.46672e-10 9.45929e-10 1.03052e-09 9.83309e-10 1.01691e-09 7.80245e-10 7.93676e-10 7.8994e-10 7.63467e-10 4.27524e-11 4.28312e-11 4.2551e-11 4.2353e-11 4.25237e-11 4.23131e-11 4.26725e-11 4.24925e-11
4.11689e-10 1.29754e-09 1.25474e-09 7.62932e-10 7.66007e-10 7.92279e-10 8.47315e-10 8.6897e-10 7.78426e-10 8.08254e-10 1.08878e-13 1.08878e-13 1.08878e-13 1.08878e-13 1.08878e-13 1.08878e-13 1.08878e-13 1.08878e-13 1.08878e-13 1.08878e-13 1.08878e-13 1.08878e-13 7.56842e-10 9.62292e-10 9.56828e-10 1.00149e-09 1.00909e-09 9.95212e-10 9.69582e-10 9.89977e-10 1.00184e-09 9.69705e-10 1.01419e-09 9.60029e-10 1.01615e-09 1.00685e-09 9.72459e-10 9.52108e-10 9.83274e-10 9.60999e-10 1.03039e-09 9.70493e-10 9.8356e-10 7.89885e-10 7.78027e-10 7.73748e-10 7.79776e-10 4.23939e-11 4.24965e-11 4.28804e-11 4.28494e-11 4.21983e-11 4.29354e-11 4.26119e-11 4.25196e-11
4.12088e-10 1.48745e-09 1.45742e-09 7.57211e-10 7.95573e-10 7.10757e-10 8.69702e-10 8.65846e-10 8.40708e-10 7.77163e-10 1.08878e-13 1.08878e-13 1.08878e-13 1.08878e-13 1.08878e-13 1.08878e-13 1.08878e-13 1.08878e-13 1.08878e-13 1.08878e-13 1.08878e-13 1.08878e-13 7.95684e-10 1.02662e-09 9.7229e-10 1.01668e-09 9.46835e-10 9.48362e-10 9.95433e-10 1.007e-09 1.03414e-09 9.69649e-10 1.01683e-09 1.0299e-09 1.02226e-09 9.64998e-10 9.71383e-10 9.66017e-10 1.02413e-09 1.02045e-09 9.61144e-10 1.00273e-09 9.69709e-10 7.93892e-10 7.71043e-10 7.94784e-10 7.63734e-10 4.28348e-11 4.25529e-11 4.28056e-11 4.2376e-11 4.28068e-11 4.28597e-11 4.2326e-11 4.29171e-11
4.10221e-10 1.27061e-09 1.30994e-09 7.73038e-10 7.95074e-10 8.69951e-10 7.10886e-10 8.58727e-10 8.05587e-10 7.08256e-10 1.08878e-13 1.08878e-13 1.08878e-13 1.08878e-13 1.08878e-13 1.08878e-13 1.08878e-13 1.08878e-13 1.08878e-13 1.08878e-13 1.08878e-13 1.08878e-13 7.5797e-10 1.03245e-09 9.94102e-10 1.00449e-09 9.81195e-10 9.85171e-10 1.02592e-09 9.77798e-10 9.84566e-10 9.45423e-10 9.92928e-10 9.73944e-10 9.54107e-10 1.00779e-09 9.84303e-10 1.02993e-09 1.01149e-09 1.00826e-09 9.65739e-10 9.77222e-10 1.01753e-09 7.93445e-10 7.91479e-10 7.5781e-10 7.71354e-10 4.21988e-11 4.28118e-11 4.24694e-11 4.24645e-11 4.24799e-11 4.27378e-11 4.29085e-11 4.25143e-11
4.09142e-10 1.44348e-09 1.37883e-09 7.58542e-10 7.94128e-10 7.9053e-10 7.65904e-10 6.77279e-10 8.42695e-10 7.46393e-10 1.08878e-13 1.08878e-13 1.08878e-13 1.08878e-13 1.08878e-13 1.08878e-13 1.08878e-13 1.08878e-13 1.08878e-13 1.08878e-13 1.08878e-13 1.08878e-13 7.93144e-10 9.43621e-10 9.83628e-10 1.01343e-09 9.55242e-10 9.88632e-10 9.74837e-10 9.73851e-10 9.84449e-10 9.91991e-10 9.50513e-10 1.01381e-09 9.62899e-10 9.44745e-10 9.56248e-10 9.68812e-10 9.77149e-10 1.02398e-09 9.54574e-10 9.63163e-10 9.49852e-10 7.94886e-10 7.94615e-10 7.94754e-10 7.95202e-10 4.23661e-11 4.27545e-11 4.27054e-11 4.26813e-11 4.23451e-11 4.23258e-11 4.25263e-11 4.26405e-11
4.09288e-10 1.45923e-09 1.32976e-09 7.93214e-10 7.67098e-10 7.64422e-10 7.79517e-10 6.77115e-10 7.7449e-10 8.43252e-10 1.08878e-13 1.08878e-13 1.08878e-13 1.08878e-13 1.08878e-13 1.08878e-13 1.08878e-13 1.08878e-13 1.08878e-13 1.08878e-13 1.08878e-13 1.08878e-13 7.95533e-10 1.02305e-09 1.00345e-09 9.4845e-10 9.91428e-10 1.01197e-09 9.91011e-10 9.67851e-10 9.69348e-10 1.02691e-09 9.63588e-10 1.01882e-09 9.50352e-10 1.02448e-09 9.76953e-10 9.87251e-10 9.74461e-10 1.0223e-09 9.76447e-10 9.55715e-10 9.9848e-10 7.63076e-10 7.94772e-10 7.59732e-10 7.9292e-10 4.25438e-11 4.21864e-11 4.22284e-11 4.25962e-11 4.23731e-11 4.24681e-11 4.24768e-11 4.23474e-11
4.11571e-10 1.46008e-09 1.3277e-09 7.94562e-10 7.77437e-10 8.65619e-10 8.68327e-10 6.94369e-10 8.64864e-10 7.72042e-10 1.08878e-13 1.08878e-13 1.08878e-13 1.08878e-13 1.08878e-13 1.08878e-13 1.08878e-13 1.08878e-13 1.08878e-13 1.08878e-13 1.08878e-13 1.08878e-13 7.94653e-10 1.02689e-09 9.65857e-10 9.4505e-10 9.63441e-10 9.62932e-10 1.0287e-09 9.56206e-10 9.61077e-10 9.86265e-10 9.60374e-10 1.00815e-09 1.0239e-09 1.01645e-09 1.02201e-09 9.92697e-10 1.03319e-09 1.01081e-09 9.88618e-10 9.82284e-10 9.96074e-10 7.92881e-10 7.93353e-10 7.82994e-10 7.80962e-10 4.27277e-11 4.26373e-11 4.2721e-11 4.2957e-11 4.23293e-11 4.21831e-11 4.27162e-11 4.29258e-11
4.10604e-10 1.37933e-09 1.31144e-09 7.66861e-10 7.94902e-10 6.85818e-10 6.94204e-10 7.94234e-10 7.19057e-10 7.81616e-10 1.08878e-13 1.08878e-13 1.08878e-13 1.08878e-13 1.08878e-13 1.08878e-13 1.08878e-13 1.08878e-13 1.08878e-13 1.08878e-13 1.08878e-13 1.08878e-13 7.95088e-10 9.73788e-10 9.7763e-10 1.01434e-09 1.01621e-09 9.93351e-10 1.01585e-09 9.55834e-10 9.73525e-10 1.0069e-09 1.03363e-09 9.4624e-10 9.4801e-10 9.52605e-10 9.48077e-10 9.79171e-10 9.66754e-10 9.88997e-10 1.01907e-09 1.00707e-09 9.63275e-10 7.94387e-10 7.8895e-10 7.61832e-10 7.94028e-10 4.26e-11 4.23335e-11 4.25357e-11 4.26875e-11 4.25415e-11 4.22113e-11 4.28418e-11 4.22143e-11
4.10337e-10 1.26263e-09 1.28547e-09 7.58011e-10 7.61838e-10 6.80913e-10 6.92744e-10 7.74929e-10 8.64298e-10 7.22562e-10 1.08878e-13 1.08878e-13 1.08878e-13 1.08878e-13 1.08878e-13 1.08878e-13 1.08878e-13 1.08878e-13 1.08878e-13 1.08878e-13 1.08878e-13 1.08878e-13 7.89997e-10 9.52114e-10 9.5539e-10 9.63004e-10 9.82243e-10 9.74009e-10 1.03175e-09 9.5557e-10 9.74637e-10 1.02391e-09 1.01413e-09 9.86002e-10 1.01741e-09 1.01393e-09 9.82839e-10 1.00368e-09 9.98132e-10 9.85045e-10 9.69834e-10 9.6889e-10 9.54595e-10 7.64104e-10 7.9554e-10 7.93669e-10 7.95316e-10 4.21962e-11 4.21747e-11 4.28183e-11 4.25112e-11 4.28488e-11 4.27412e-11 4.28137e-11 4.28066e-11
4.12513e-10 1.42259e-09 1.29946e-09 7.9333e-10 7.93514e-10 8.02086e-10 8.38075e-10 7.67697e-10 8.61048e-10 7.35873e-10 1.08878e-13 1.08878e-13 1.08878e-13 1.08878e-13 1.08878e-13 1.08878e-13 1.08878e-13 1.08878e-13 1.08878e-13 1.08878e-13 1.08878e-13 1.08878e-13 7.95474e-10 7.92459e-10 9.45303e-10 1.01089e-09 9.77262e-10 1.03155e-09 9.83631e-10 1.00864e-09 9.62199e-10 9.4885e-10 1.01315e-09 1.02145e-09 1.01808e-09 9.70317e-10 9.87832e-10 1.0002e-09 9.75714e-10 1.03421e-09 9.78339e-10 9.46597e-10 1.01753e-09 7.65423e-10 7.95028e-10 7.92943e-10 7.88244e-10 4.22897e-11 4.25472e-11 4.24948e-11 4.25622e-11 4.23697e-11 4.2945e-11 4.26449e-11 4.2664e-11
4.09994e-10 1.38784e-09 1.47001e-09 7.95207e-10 7.93715e-10 6.92997e-10 8.58127e-10 8.57065e-10 8.21187e-10 7.50527e-10 1.08878e-13 1.08878e-13 1.08878e-13 1.08878e-13 1.08878e-13 1.08878e-13 1.08878e-13 1.08878e-13 1.08878e-13 1.08878e-13 1.08878e-13 1.08878e-13 7.93624e-10 7.61791e-10 9.78779e-10 9.77037e-10 1.00325e-09 9.76698e-10 1.02682e-09 1.00178e-09 9.7726e-10 9.60087e-10 1.02876e-09 9.55765e-10 9.58605e-10 1.03056e-09 1.02185e-09 9.76071e-10 9.98581e-10 9.99194e-10 1.00674e-09 9.54522e-10 1.01172e-09 7.65348e-10 7.8259e-10 7.93085e-10 7.7311e-10 4.24685e-11 4.22884e-11 4.2802e-11 4.22209e-11 4.22031e-11 4.24983e-11 4.27147e-11 4.29493e-11
4.0932e-10 7.9236e-10 7.95416e-10 7.87464e-10 7.94352e-10 7.851e-10 8.35618e-10 8.04681e-10 7.01807e-10 7.14888e-10 1.08878e-13 1.08878e-13 1.08878e-13 1.08878e-13 1.08878e-13 1.08878e-13 1.08878e-13 1.08878e-13 1.08878e-13 1.08878e-13 1.08878e-13 1.08878e-13 7.90537e-10 7.77773e-10 1.00567e-09 9.79375e-10 1.00839e-09 9.81367e-10 1.02095e-09 9.60128e-10 9.61144e-10 1.0348e-09 1.01295e-09 9.78863e-10 9.91057e-10 9.98145e-10 9.61336e-10 9.8439e-10 9.76688e-10 9.85873e-10 9.81339e-10 1.02898e-09 9.71129e-10 7.94184e-10 7.94772e-10 7.95647e-10 7.88393e-10 4.28125e-11 4.26859e-11 4.23272e-11 4.26212e-11 4.22986e-11 4.26617e-11 4.25519e-11 4.2804e-11
4.09343e-10 7.73502e-10 7.94213e-10 7.74688e-10 7.95247e-10 7.59544e-10 7.7954e-10 7.95072e-10 7.94616e-10 7.61712e-10 1.08878e-13 1.08878e-13 1.08878e-13 1.08878e-13 1.08878e-13 1.08878e-13 1.08878e-13 1.08878e-13 1.08878e-13 1.08878e-13 1.08878e-13 1.08878e-13 7.95136e-10 7.94994e-10 1.03421e-09 9.92799e-10 9.84674e-10 9.74372e-10 9.57266e-10 1.00738e-09 9.654e-10 1.02266e-09 9.91235e-10 9.82541e-10 9.46282e-10 9.46417e-10 9.65014e-10 9.89527e-10 9.51994e-10 9.87729e-10 9.4966e-10 9.7738e-10 9.81172e-10 7.92436e-10 7.95722e-10 7.94036e-10 7.60579e-10 4.2726e-11 4.25852e-11 4.23026e-11 4.2348e-11 4.26113e-11 4.28205e-11 4.22093e-11 4.28796e-11
4.1222e-10 7.94151e-10 7.81555e-10 7.66897e-10 7.7661e-10 7.93883e-10 7.93626e-10 7.94478e-10 7.831e-10 7.8501e-10 1.08879e-13 1.08879e-13 1.08878e-13 1.08878e-13 1.08878e-13 1.08878e-13 1.08878e-13 1.08878e-13 1.08878e-13 1.08878e-13 1.08878e-13 1.08878e-13 7.75326e-10 7.9439e-10 9.70076e-10 9.56361e-10 9.78612e-10 9.47103e-10 9.91258e-10 9.44706e-10 1.01059e-09 1.02859e-09 1.00012e-09 9.69347e-10 1.01019e-09 1.0279e-09 1.02232e-09 9.53047e-10 9.57557e-10 9.54583e-10 9.86157e-10 9.61361e-10 1.00659e-09 7.94621e-10 7.8891e-10 7.93303e-10 7.93921e-10 4.28192e-11 4.24798e-11 4.27864e-11 4.27412e-11 4.2452e-11 4.29494e-11 4.26034e-11 4.25162e-11
4.11855e-10 4.09155e-10 1.36403e-09 7.60232e-10 7.88128e-10 7.93263e-10 7.93386e-10 7.74433e-10 7.93749e-10 7.93668e-10 1.08879e-13 1.08879e-13 1.08879e-13 1.08878e-13 1.08878e-13 1.08878e-13 1.08878e-13 1.08878e-13 1.08878e-13 1.08878e-13 1.08878e-13 1.08878e-13 7.94016e-10 7.94084e-10 9.8561e-10 1.02411e-09 9.73052e-10 1.01852e-09 9.45277e-10 1.03353e-09 9.93718e-10 9.60798e-10 9.61364e-10 1.01306e-09 1.0281e-09 9.60561e-10 1.00123e-09 1.00873e-09 9.43872e-10 1.02267e-09 9.82751e-10 1.03387e-09 9.8824e-10 7.94577e-10 7.94645e-10 7.90582e-10 7.5809e-10 4.26739e-11 4.24882e-11 4.26312e-11 4.24518e-11 4.27868e-11 4.29463e-11 4.23006e-11 4.23251e-11
4.10599e-10 4.12918e-10 1.44135e-09 7.94389e-10 7.94062e-10 7.85886e-10 7.6206e-10 7.57711e-10 7.94726e-10 7.95093e-10 1.08879e-13 1.08879e-13 1.08879e-13 1.08879e-13 1.08879e-13 1.08878e-13 1.08878e-13 1.08878e-13 1.08878e-13 1.08878e-13 1.08878e-13 1.08878e-13 7.72806e-10 7.87669e-10 1.00363e-09 9.47448e-10 9.48236e-10 9.47728e-10 9.80072e-10 9.68348e-10 1.02214e-09 1.01145e-09 1.01935e-09 9.63788e-10 9.73417e-10 9.95777e-10 9.80956e-10 9.80421e-10 9.49228e-10 1.01766e-09 1.01671e-09 9.44298e-10 1.0145e-09 7.82082e-10 7.92833e-10 7.943e-10 7.94293e-10 4.26152e-11 4.21609e-11 4.26107e-11 4.23439e-11 4.28716e-11 4.29451e-11 4.26237e-11 4.25008e-11
