data/sample/Evap0000365.asc
NCOLS 252
NROWS 252
XLLCORNER 393313.311421
YLLCORNER 5826566.113860
CELLSIZE 1.000000
NODATA_VALUE        1e31
[rows 120 to 143 of 252, columns 110 to 164 of 252]
1.2611e-09 1.46594e-09 1.30953e-09 1.37852e-09 1.32016e-09 1.30012e-09 1.47922e-09 1.36926e-09 1.27044e-09 1.3123e-09 1.45749e-09 1.26065e-09 1.48844e-09 1.48336e-09 1.36904e-09 1.36956e-09 1.36025e-09 1.44672e-09 1.47376e-09 1.45794e-09 1.48584e-09 1.28995e-09 1.40422e-09 1.47877e-09 1.32971e-09 1.39608e-09 1.28093e-09 1.35221e-09 1.34343e-09 1.4363e-09 1.4764e-09 4.28099e-11 4.24815e-11 4.22959e-11 4.26447e-11 4.28019e-11 4.27311e-11 4.25328e-11 4.27085e-11 4.28824e-11 4.23032e-11 6.84147e-10 8.69879e-10 7.39198e-10 8.5349e-10 8.64834e-10 8.57316e-10 4.08844e-10 4.08762e-10 4.12709e-10 4.08979e-10 4.08957e-10 4.0884e-10 4.09233e-10 4.0944e-10
1.34131e-09 1.282e-09 1.40745e-09 1.35652e-09 1.40522e-09 1.3697e-09 1.39565e-09 1.32171e-09 1.48462e-09 1.38996e-09 1.37759e-09 1.44535e-09 1.29654e-09 1.47083e-09 1.39192e-09 1.48458e-09 1.4097e-09 1.29873e-09 1.45682e-09 1.4541e-09 1.35306e-09 1.29999e-09 1.47039e-09 1.3566e-09 1.38564e-09 1.48157e-09 1.41727e-09 1.36438e-09 1.41825e-09 1.3007e-09 1.43819e-09 1.36245e-09 4.23307e-11 4.27485e-11 4.28574e-11 4.26144e-11 4.22146e-11 4.27723e-11 4.25479e-11 4.24458e-11 4.26159e-11 8.57889e-10 7.0926e-10 7.48708e-10 8.66979e-10 8.69386e-10 8.48594e-10 4.10519e-10 4.11908e-10 4.1029e-10 4.11924e-10 4.09047e-10 4.12479e-10 4.12782e-10 4.12703e-10
1.3611e-09 1.28219e-09 1.4541e-09 1.33756e-09 1.30493e-09 1.29202e-09 1.32305e-09 1.36248e-09 1.48325e-09 1.40892e-09 1.39258e-09 1.47881e-09 1.32348e-09 1.43339e-09 1.34806e-09 1.37165e-09 1.34659e-09 1.27537e-09 1.32584e-09 1.3913e-09 1.32144e-09 1.29937e-09 1.36396e-09 1.28036e-09 1.41855e-09 1.46603e-09 1.44487e-09 1.4477e-09 1.36309e-09 1.45932e-09 1.39611e-09 1.31389e-09 1.32307e-09 4.29349e-11 4.2552e-11 4.27818e-11 4.25506e-11 4.2623e-11 4.28223e-11 4.29167e-11 4.28964e-11 7.16636e-10 8.13925e-10 8.63476e-10 8.525e-10 8.57635e-10 6.81925e-10 6.79729e-10 4.09713e-10 4.11921e-10 4.09561e-10 4.12095e-10 4.09611e-10 4.12141e-10 4.09148e-10
1.4879e-09 1.31306e-09 1.39603e-09 1.27327e-09 1.25394e-09 1.33528e-09 1.37779e-09 1.454e-09 1.39529e-09 1.43409e-09 1.38432e-09 1.39047e-09 1.28342e-09 1.35107e-09 1.3521e-09 1.44571e-09 1.34393e-09 1.48283e-09 1.29997e-09 1.26903e-09 1.28336e-09 1.28452e-09 1.28284e-09 1.3815e-09 1.25994e-09 1.48511e-09 1.34036e-09 1.34648e-09 1.27864e-09 1.26402e-09 1.45542e-09 1.46452e-09 1.43548e-09 1.42564e-09 4.27156e-11 4.21731e-11 4.2492e-11 4.27694e-11 4.25015e-11 4.24223e-11 4.28499e-11 7.56521e-10 7.70561e-10 8.55695e-10 8.43429e-10 7.32259e-10 8.4547e-10 8.33331e-10 4.08957e-10 4.12808e-10 4.10134e-10 4.10089e-10 4.11763e-10 4.12544e-10 4.09882e-10
1.44098e-09 1.48283e-09 1.39948e-09 1.38324e-09 1.29239e-09 1.37126e-09 1.30293e-09 1.40928e-09 1.44025e-09 1.38961e-09 1.36289e-09 1.42115e-09 1.32747e-09 1.33133e-09 1.44923e-09 1.34608e-09 1.33651e-09 1.42931e-09 1.40962e-09 1.26271e-09 1.46117e-09 1.42375e-09 1.43054e-09 1.46479e-09 1.47172e-09 1.46019e-09 1.30572e-09 1.3981e-09 1.27772e-09 1.48567e-09 1.34746e-09 1.43071e-09 1.2568e-09 1.27911e-09 1.39358e-09 1.44154e-09 1.31722e-09 1.32675e-09 4.23074e-11 4.29017e-11 4.23049e-11 8.13861e-10 8.73331e-10 6.82447e-10 8.57088e-10 7.43484e-10 8.72408e-10 8.55708e-10 4.09107e-10 4.12406e-10 4.08821e-10 4.12668e-10 4.10388e-10 4.12827e-10 4.10519e-10
1.29666e-09 1.48868e-09 1.25643e-09 1.37316e-09 1.32401e-09 1.28938e-09 1.45944e-09 1.40063e-09 1.47133e-09 1.26519e-09 1.44591e-09 1.32545e-09 1.30658e-09 1.48929e-09 1.3272e-09 1.35964e-09 1.39541e-09 1.31429e-09 1.36773e-09 1.36418e-09 1.40998e-09 1.34771e-09 1.45803e-09 1.45523e-09 1.34403e-09 1.3743e-09 1.3998e-09 1.45565e-09 1.46165e-09 1.26494e-09 1.48695e-09 1.33583e-09 1.29116e-09 1.30967e-09 1.35854e-09 1.48809e-09 1.30109e-09 1.48165e-09 4.23476e-11 4.2823e-11 4.26578e-11 6.7821e-10 8.45141e-10 7.68696e-10 8.67665e-10 7.86838e-10 8.71556e-10 8.14505e-10 4.1171e-10 4.09933e-10 4.11629e-10 4.09827e-10 4.09262e-10 4.10417e-10 4.09817e-10
1.42561e-09 1.29802e-09 1.25843e-09 1.26201e-09 1.33861e-09 1.2587e-09 1.25469e-09 1.4e-09 1.44308e-09 1.34412e-09 1.4195e-09 1.48875e-09 1.48995e-09 1.34918e-09 1.28558e-09 1.29491e-09 1.2619e-09 1.46377e-09 1.43145e-09 1.48635e-09 1.4501e-09 1.29183e-09 1.35862e-09 1.29935e-09 1.35062e-09 1.46771e-09 1.40119e-09 1.37331e-09 1.39841e-09 1.38131e-09 1.44932e-09 1.35283e-09 1.48075e-09 1.48989e-09 1.28605e-09 1.4134e-09 1.26444e-09 1.33781e-09 4.25275e-11 4.22908e-11 4.26324e-11 8.06853e-10 7.54642e-10 8.01235e-10 7.15168e-10 8.20171e-10 8.69323e-10 7.48704e-10 4.09342e-10 4.09562e-10 4.12601e-10 4.09141e-10 4.08793e-10 4.09213e-10 4.0916e-10
1.37731e-09 1.42596e-09 1.29497e-09 1.29104e-09 1.37082e-09 1.30329e-09 1.34058e-09 1.36621e-09 1.47066e-09 1.4531e-09 1.32277e-09 1.35696e-09 1.3939e-09 1.30337e-09 1.446e-09 1.33112e-09 1.27061e-09 1.31838e-09 1.28355e-09 1.33141e-09 1.25634e-09 1.37011e-09 1.36946e-09 1.3185e-09 1.3653e-09 1.27579e-09 1.42427e-09 1.26645e-09 1.35845e-09 1.3657e-09 1.39355e-09 1.47815e-09 1.27931e-09 1.435e-09 1.37994e-09 1.34775e-09 1.39409e-09 1.32056e-09 4.22163e-11 4.21997e-11 4.22204e-11 8.68146e-10 7.62959e-10 8.36447e-10 8.01057e-10 8.58379e-10 7.69978e-10 7.06723e-10 4.0987e-10 4.10478e-10 4.12926e-10 4.10358e-10 4.09991e-10 4.12669e-10 4.12477e-10
1.36553e-09 1.43432e-09 1.46064e-09 1.4066e-09 1.42769e-09 1.45348e-09 1.44329e-09 1.2596e-09 1.25792e-09 1.26422e-09 1.26263e-09 1.39276e-09 1.36819e-09 1.40704e-09 1.26478e-09 1.29146e-09 1.4565e-09 1.4413e-09 1.43108e-09 1.27549e-09 1.48758e-09 1.28895e-09 1.35086e-09 1.32737e-09 1.30059e-09 1.2908e-09 1.4113e-09 1.45507e-09 1.28018e-09 1.42114e-09 1.31303e-09 1.46693e-09 1.34727e-09 1.27111e-09 1.35016e-09 1.37929e-09 1.47274e-09 1.46708e-09 4.26368e-11 4.23705e-11 4.27326e-11 8.04399e-10 8.69236e-10 8.03103e-10 8.6632e-10 8.11353e-10 7.05298e-10 8.70283e-10 4.09294e-10 4.12501e-10 4.08966e-10 4.10385e-10 4.11986e-10 4.11667e-10 4.11772e-10
1.34902e-09 1.39697e-09 1.39283e-09 1.3215e-09 1.30391e-09 1.31479e-09 1.28878e-09 1.46169e-09 1.32335e-09 1.33294e-09 1.29857e-09 1.39701e-09 1.27732e-09 1.47018e-09 1.39684e-09 1.38562e-09 1.36471e-09 1.41098e-09 1.44373e-09 1.28352e-09 1.43125e-09 1.399e-09 1.43201e-09 1.25662e-09 1.32716e-09 1.26027e-09 1.34227e-09 1.48484e-09 1.46748e-09 1.46133e-09 1.2984e-09 1.26015e-09 1.26371e-09 1.37096e-09 1.30761e-09 1.46751e-09 1.37809e-09 1.37835e-09 4.25952e-11 4.25037e-11 4.28068e-11 8.14014e-10 8.69589e-10 6.84129e-10 7.76018e-10 8.55217e-10 6.84479e-10 7.14303e-10 4.09965e-10 4.08886e-10 4.09808e-10 4.09153e-10 4.09672e-10 4.11783e-10 4.10564e-10
1.31194e-09 1.42447e-09 1.4462e-09 1.4139e-09 1.35518e-09 1.3814e-09 1.25406e-09 1.33365e-09 1.35443e-09 1.35563e-09 1.27828e-09 1.34555e-09 1.31313e-09 1.29064e-09 1.3613e-09 1.45025e-09 1.46671e-09 1.42687e-09 1.32498e-09 1.33241e-09 1.41089e-09 1.45118e-09 1.31251e-09 1.38648e-09 1.41812e-09 1.32281e-09 1.3112e-09 1.40826e-09 1.37433e-09 1.37568e-09 1.32943e-09 1.46235e-09 1.29366e-09 1.45288e-09 1.30588e-09 1.28131e-09 1.42567e-09 1.33776e-09 4.27406e-11 4.23113e-11 4.26328e-11 4.2495e-11 8.4025e-10 7.83667e-10 8.31057e-10 6.8936e-10 8.17393e-10 7.28617e-10 4.12853e-10 4.10004e-10 4.12607e-10 4.10434e-10 4.09906e-10 4.10347e-10 4.09464e-10
1.47847e-09 1.4669e-09 1.33347e-09 1.41916e-09 1.32092e-09 1.42062e-09 1.29827e-09 1.33282e-09 1.27405e-09 1.38197e-09 1.35317e-09 1.28782e-09 1.45741e-09 1.38815e-09 1.31974e-09 1.25635e-09 1.31217e-09 1.31999e-09 1.48571e-09 1.44013e-09 1.26735e-09 1.459e-09 1.47486e-09 1.48981e-09 1.28305e-09 1.39084e-09 1.29048e-09 1.43983e-09 1.27069e-09 1.44198e-09 1.27113e-09 1.41926e-09 1.31698e-09 1.47939e-09 1.30811e-09 1.45233e-09 1.47167e-09 1.33081e-09 4.21397e-11 4.2779e-11 4.27487e-11 4.29188e-11 7.37139e-10 8.59717e-10 8.46632e-10 8.70148e-10 8.40185e-10 7.08814e-10 4.11871e-10 4.12667e-10 4.09614e-10 4.12952e-10 4.10073e-10 4.09319e-10 4.09456e-10
1.4523e-09 1.2941e-09 1.28406e-09 1.41837e-09 1.44847e-09 1.48521e-09 1.41689e-09 1.32298e-09 1.3721e-09 1.32809e-09 1.3189e-09 1.43566e-09 1.26246e-09 1.41087e-09 1.4631e-09 1.44962e-09 1.43144e-09 1.29641e-09 1.41393e-09 1.26554e-09 1.28253e-09 1.26416e-09 1.29131e-09 1.41629e-09 1.30528e-09 1.32846e-09 1.43011e-09 1.43116e-09 1.4332e-09 1.39437e-09 1.33916e-09 1.30645e-09 1.40586e-09 1.46257e-09 1.39922e-09 1.33408e-09 1.43498e-09 1.38779e-09 4.26317e-11 4.27927e-11 4.2296e-11 4.25051e-11 8.58391e-10 8.62504e-10 7.82693e-10 8.72062e-10 8.0571e-10 7.79183e-10 4.11699e-10 4.08961e-10 4.0933e-10 4.10436e-10 4.09065e-10 4.11612e-10 4.10236e-10
1.46122e-09 1.33755e-09 1.2584e-09 1.43341e-09 1.29425e-09 1.36402e-09 1.37857e-09 1.46199e-09 1.31368e-09 1.29396e-09 1.40104e-09 1.44886e-09 1.32569e-09 1.26031e-09 1.38661e-09 1.4129e-09 1.31852e-09 1.28782e-09 1.34655e-09 1.48194e-09 1.40832e-09 1.31753e-09 1.44435e-09 1.43786e-09 1.40388e-09 1.41443e-09 1.40366e-09 1.40246e-09 1.32936e-09 1.42846e-09 1.26325e-09 1.46011e-09 1.44519e-09 1.37168e-09 4.28963e-11 4.26081e-11 4.26568e-11 4.27809e-11 4.29266e-11 4.28146e-11 4.27888e-11 4.26593e-11 8.31478e-10 8.59315e-10 8.70612e-10 8.66043e-10 8.61894e-10 7.4199e-10 4.12739e-10 4.09171e-10 4.12497e-10 4.0984e-10 4.11799e-10 4.11727e-10 4.10407e-10
1.25749e-09 1.44431e-09 1.44113e-09 1.44346e-09 1.28985e-09 1.28084e-09 1.39377e-09 1.2899e-09 1.40533e-09 1.31543e-09 1.46407e-09 1.41607e-09 1.39896e-09 1.36978e-09 1.2869e-09 1.28502e-09 1.33645e-09 1.31539e-09 1.32221e-09 1.40588e-09 1.28426e-09 1.29053e-09 1.3381e-09 1.32827e-09 1.29298e-09 1.45541e-09 1.34715e-09 1.29927e-09 1.3824e-09 1.40536e-09 1.33111e-09 4.24804e-11 4.27467e-11 4.27764e-11 4.28626e-11 4.21909e-11 4.26783e-11 4.28445e-11 4.29119e-11 4.29022e-11 4.29408e-11 4.25134e-11 7.32769e-10 8.3774e-10 8.63493e-10 8.67449e-10 7.05091e-10 8.74063e-10 4.09979e-10 4.09113e-10 4.09551e-10 4.09981e-10 4.10239e-10 4.09324e-10 4.08809e-10
1.34286e-09 1.34276e-09 1.34318e-09 1.45422e-09 1.44884e-09 1.31271e-09 1.42122e-09 1.44695e-09 1.2894e-09 1.30083e-09 1.30249e-09 1.44826e-09 1.29492e-09 1.36588e-09 1.27025e-09 1.43925e-09 1.45896e-09 1.48868e-09 1.36508e-09 1.44636e-09 1.26819e-09 1.33054e-09 1.42533e-09 1.35425e-09 1.40801e-09 1.27511e-09 1.37446e-09 1.47641e-09 1.26533e-09 1.35484e-09 4.22238e-11 4.25809e-11 4.22971e-11 4.29217e-11 4.23951e-11 4.27554e-11 4.27941e-11 4.24585e-11 4.21599e-11 4.27346e-11 4.29136e-11 4.21817e-11 7.36125e-10 8.60108e-10 8.52468e-10 8.58441e-10 6.88238e-10 7.56285e-10 4.12698e-10 4.11823e-10 4.10014e-10 4.11836e-10 4.12417e-10 4.09848e-10 4.09798e-10
1.40041e-09 1.48024e-09 1.41565e-09 1.46833e-09 1.44555e-09 1.39276e-09 1.33972e-09 1.26641e-09 1.29414e-09 1.37852e-09 1.45468e-09 1.32811e-09 1.37753e-09 1.46958e-09 4.2779e-11 4.25027e-11 4.24467e-11 4.23234e-11 1.48506e-09 1.42456e-09 1.36554e-09 1.33823e-09 1.33408e-09 1.26828e-09 1.45756e-09 1.38593e-09 1.47911e-09 1.42462e-09 1.31815e-09 1.38143e-09 4.23896e-11 4.27791e-11 4.2192e-11 4.2605e-11 4.23016e-11 4.24332e-11 4.26748e-11 4.24913e-11 4.25431e-11 4.28205e-11 4.2513e-11 4.28639e-11 7.65255e-10 8.30724e-10 7.28065e-10 7.13141e-10 7.20685e-10 8.22898e-10 4.12183e-10 4.12543e-10 4.09811e-10 4.12637e-10 4.09407e-10 4.09584e-10 4.12548e-10
1.40451e-09 1.28388e-09 1.32376e-09 1.28677e-09 1.34387e-09 1.28367e-09 1.28365e-09 1.32293e-09 1.26364e-09 1.47132e-09 1.42831e-09 1.40746e-09 1.4445e-09 1.3267e-09 4.22006e-11 4.24761e-11 4.29004e-11 4.24005e-11 1.32039e-09 1.4538e-09 1.38578e-09 1.33775e-09 1.32839e-09 1.45856e-09 1.42445e-09 1.392e-09 1.38636e-09 1.37456e-09 1.41551e-09 4.2172e-11 4.24842e-11 4.29373e-11 4.27652e-11 4.28756e-11 4.25439e-11 4.26096e-11 4.24154e-11 4.28278e-11 4.24425e-11 4.23428e-11 4.25858e-11 4.26275e-11 7.63412e-10 7.80207e-10 7.11309e-10 8.20172e-10 8.63041e-10 8.57605e-10 4.12148e-10 4.12224e-10 4.08964e-10 4.09475e-10 4.11999e-10 4.10086e-10 4.12971e-10
1.48782e-09 1.2833e-09 1.40106e-09 1.35013e-09 1.35252e-09 1.37915e-09 1.48462e-09 1.38502e-09 1.43834e-09 1.47485e-09 1.46175e-09 1.45087e-09 1.4854e-09 1.47193e-09 1.39481e-09 4.23086e-11 4.25876e-11 4.22129e-11 4.29102e-11 1.25393e-09 1.46634e-09 1.42741e-09 1.39076e-09 1.27379e-09 1.32575e-09 1.44475e-09 1.3657e-09 1.31296e-09 1.36046e-09 4.2952e-11 4.2585e-11 4.23154e-11 4.23628e-11 4.26173e-11 4.28491e-11 4.27802e-11 4.29421e-11 4.24155e-11 4.28158e-11 4.23819e-11 4.22945e-11 4.23088e-11 8.59117e-10 6.99579e-10 6.98804e-10 7.12997e-10 8.70722e-10 8.23488e-10 7.6612e-10 4.1045e-10 4.09597e-10 4.09292e-10 4.11934e-10 4.09677e-10 4.1038e-10
1.32162e-09 1.43389e-09 1.28981e-09 1.37734e-09 1.48689e-09 1.25383e-09 1.31507e-09 1.47547e-09 1.39936e-09 1.36968e-09 1.38064e-09 1.48958e-09 1.36451e-09 1.29805e-09 1.45507e-09 1.41693e-09 4.25193e-11 4.26194e-11 4.21846e-11 1.47118e-09 1.28093e-09 1.31079e-09 1.42564e-09 1.37728e-09 1.26446e-09 1.39536e-09 1.3801e-09 1.38042e-09 1.41734e-09 4.25386e-11 4.29024e-11 4.28416e-11 4.28939e-11 4.2469e-11 4.28473e-11 4.21967e-11 4.27298e-11 4.21629e-11 4.29495e-11 4.28606e-11 4.23839e-11 4.2464e-11 4.24261e-11 7.68738e-10 7.32776e-10 7.33273e-10 8.30016e-10 8.57116e-10 8.08767e-10 4.12135e-10 4.12144e-10 4.09512e-10 4.12854e-10 4.10396e-10 4.12254e-10
1.261e-09 1.39221e-09 1.3933e-09 1.44116e-09 1.48513e-09 1.38549e-09 1.39386e-09 1.34567e-09 1.28725e-09 1.36955e-09 1.31771e-09 1.28405e-09 1.48734e-09 1.47134e-09 1.39732e-09 1.42471e-09 4.27557e-11 4.28921e-11 4.23628e-11 1.29313e-09 1.38698e-09 1.40119e-09 1.39007e-09 1.29665e-09 1.43921e-09 1.4564e-09 1.38842e-09 1.38331e-09 1.31219e-09 4.21783e-11 4.23478e-11 4.21857e-11 4.27118e-11 4.2652e-11 4.27014e-11 4.27781e-11 4.26819e-11 4.25413e-11 4.2633e-11 4.25127e-11 4.24149e-11 4.29511e-11 4.25268e-11 8.12465e-10 8.12556e-10 7.32656e-10 6.88167e-10 7.04453e-10 8.33683e-10 4.09673e-10 4.12911e-10 4.10365e-10 4.12576e-10 4.10503e-10 4.12334e-10
1.40024e-09 1.33916e-09 1.39965e-09 1.41179e-09 1.43697e-09 1.45084e-09 1.29237e-09 1.3442e-09 1.30713e-09 1.29449e-09 1.37913e-09 1.48024e-09 1.28811e-09 1.33498e-09 1.32867e-09 1.33215e-09 4.23665e-11 1.31409e-09 1.40148e-09 1.44028e-09 1.29183e-09 1.40624e-09 1.36107e-09 1.44182e-09 1.44518e-09 1.44035e-09 1.48816e-09 1.36603e-09 1.26751e-09 4.28425e-11 4.27158e-11 4.25891e-11 4.22247e-11 4.23928e-11 4.23192e-11 4.24696e-11 4.22069e-11 4.274e-11 4.25609e-11 4.25949e-11 4.26212e-11 4.26409e-11 4.29137e-11 7.209e-10 8.67702e-10 7.70877e-10 8.61039e-10 8.66716e-10 7.60408e-10 4.08748e-10 4.11494e-10 4.12761e-10 4.08877e-10 4.09187e-10 4.09596e-10
1.45845e-09 1.33068e-09 1.43296e-09 1.27979e-09 1.32633e-09 1.27937e-09 1.3151e-09 1.43629e-09 1.35311e-09 1.45501e-09 1.43572e-09 1.26558e-09 1.35944e-09 1.29047e-09 1.26124e-09 4.23491e-11 4.28345e-11 4.29378e-11 4.27379e-11 4.23938e-11 4.21803e-11 4.27326e-11 4.23267e-11 4.21949e-11 4.24782e-11 4.27702e-11 4.2161e-11 4.28164e-11 4.21407e-11 4.27853e-11 4.2652e-11 4.25444e-11 4.21503e-11 4.25535e-11 4.24686e-11 4.23593e-11 4.25961e-11 4.22877e-11 4.26683e-11 4.27531e-11 4.23382e-11 4.24262e-11 4.23991e-11 7.07371e-10 7.21117e-10 8.16785e-10 8.69131e-10 8.66564e-10 6.76612e-10 4.09635e-10 4.09706e-10 4.12859e-10 4.09497e-10 4.12474e-10 4.09688e-10
4.24789e-11 4.25171e-11 4.23339e-11 4.26187e-11 4.24877e-11 4.21821e-11 4.25263e-11 4.22315e-11 4.28133e-11 4.21895e-11 4.2561e-11 4.2907e-11 4.23933e-11 4.2151e-11 4.25062e-11 4.27821e-11 4.25817e-11 4.26462e-11 4.26492e-11 4.28783e-11 4.29164e-11 4.23466e-11 4.27087e-11 4.24555e-11 4.24121e-11 4.27732e-11 4.27381e-11 4.28302e-11 4.26298e-11 4.25916e-11 4.27753e-11 4.2454e-11 4.26307e-11 4.24171e-11 4.22128e-11 4.22134e-11 4.27263e-11 4.24901e-11 4.29172e-11 4.29433e-11 4.29099e-11 4.26057e-11 4.28022e-11 8.34448e-10 8.69837e-10 7.16265e-10 8.67024e-10 8.18713e-10 8.61238e-10 4.12702e-10 4.12749e-10 4.12303e-10 4.10339e-10 4.08964e-10 4.11785e-10
