data/sample/Slabs.asc
NCOLS 252
NROWS 252
XLLCORNER 393313.311421
YLLCORNER 5826566.113860
CELLSIZE 1.000000
NODATA_VALUE        1e31
[rows 0 to 24 of 252, columns 116 to 173 of 252]
0 0 0 0 0 0 0 0 0 0 0 0 0 0 0 0 0 0 0 0 0 0 0 0 0 0 0 0 0 0 0 0 0 0 0 0 0 0 0 0 0 0 0 0 0 0 0 0 0 0 0 0 0 0 0 0 0 0
3.52958e-05 5.93378e-05 0.000130999 0.000184296 0.000173803 0.00015034 0.000285504 3.10516e-05 8.73957e-05 4.32705e-05 7.46758e-05 7.07191e-05 7.90611e-05 3.98053e-05 8.29649e-05 4.24887e-05 7.84556e-05 0 0 0 0 0 0 0 0 0 0 0 0 0 0 0 0 0 0 0 0 0 0 0 0 0 0 0 0 0 0 0 0 0 0 0 0 0 0 0 5.05457e-05 0.000106019
0 0 0 0 0 0 0 0 0 0 0 0 0 0 0 0 0 0 0 0 0 0 0 0 0 0 0 0 0 0 0 0 0 0 0 0 0 0 0 0 0 0 0 0 0 0 0 0 0 0 0 0 0 0 0 0 7.83748e-05 6.16061e-05
0 0 0 0 0 0 0 0 0 0 0 0 0 0 0 0 0 0 0 0 0 0 0 0 0 0 0 0 0 0 0 0 0 0 0 0 0 0 0 0 0 0 0 0 0 0 0 0 0 0 0 0 0 0 0 0 5.75046e-05 4.56189e-05
0 0 0 0 0 0 0 0 0 0 0 0 0 0 0 0 0 0 0 0 0 0 0 0 0 0 0 0 0 0 0 0 0 0 0 0 0 0 0 0 0 0 0 0 0 0 0 0 0 0 0 0 0 0 0 0 3.57327e-05 3.23795e-05
0 0 0 0 0 0 0 0 0 0 0 0 0 0 0 0 0 0 0 0 0 0 0 0 0 0 0 0 0 0 0 0 0 0 0 0 0 0 0 0 0 0 0 0 0 0 0 0 0 0 0 0 0 0 0 0 0.000228439 0.000193545
0 0 0 0 0 0 0 0 0 0 0 0 0 0 0 0 0 0 0 0 0 0 0 0 0 0 0 0 0 0 0 0 0 0 0 0 0 0 0 0 0 0 0 0 0 0 0 0 0 0 0 0 0 0 0 0 0 0.000286963
0 0 0 0 0 0 0 0 0 0 0 0 0 0 0 0 0 0 0 0 0 0 0 0 0 0 0 0 0 0 0 0 0 0 0 0 0 0 0 0 0 0 0 0 0 0 0 0 0 0 0 0 0 0 0 0 0 0.000198277
0 0 0 0 0 0 0 0 0 0 0 0 0 0 0 0 0 0 0 0 0 0 0 0 0 0 0 0 0 0 0 0 0 0 0 0 0 0 0 0 0 0 0 0 0 0 0 0 0 0 0 0 0 0 0 0 0 0.000183361
0 0 0 0 0 0 0 0 0 0 0 0 0 0 0 0 0 0 0 0 0 0 0 0 0 0 0 0 0 0 0 0 0 0 0 0 0 0 0 0 0 0 0 0 0 0 0 0 0 0 0 0 0 0 0 0 0 0.000158887
0 0 0 0 0 0 0 0 0 0 0 0 0 0 0 0 0 0 0 0 0 0 0 0 0 0 0 0 0 0 0 0 0 0 0 0 0 0 0 0 0 0 0 0 0 0 0 0 0 0 0 0 0 0 0 0.000274628 0.000178208 0.000221858
0 0 0 0 0 0 0 0 0 0 0 0 0 0 0 0 0 0 0 0 0 0 0 0 0 0 0 0 0 0 0 0 0 0 0 0 0 0 0.000168598 0.000290888 0.000176379 0.000115604 0.000168687 0.000139091 0.000111822 0.00011562 0.000138155 0.000116192 0.000232751 0.000266121 0.000202193 0.000123459 0.000138371 0.000210317 0.000278916 0.000218794 0.000197373 0.000120389
0 0 0 0 0 0 0 0 0 0 0 0 0 0 0 0 0 0 0 0 0 0.000174344 0.000212041 0.00011731 0.000219811 0.000194581 0.000268311 0.000280281 0.000253284 0.000112948 0.000191428 0.000240492 0.000181528 0.00028064 0.000175538 0.000121098 0.000134871 0.000249503 0.000235506 0.000162062 0.00020007 0.00029272 0.000158621 0.000183174 0.000234397 0.000211776 0.000138598 0.000254188 0.00012983 0.000257812 0.0001302 0.000220338 0.000148957 0.000209773 0.00028281 0.000257212 0.000116179 0.000180447
0 0 0 0 0.000238604 0.000269285 0.000172416 0.000129599 0.000152634 0.000198962 0.000235349 0.000106235 0.00014094 0.000186961 0.000240721 0.000200902 0.000169831 0.000113209 0.000226329 0.000287098 0.000279549 0.000206436 0.000194499 0.000150471 0.000156308 0.000193913 0.000141824 0.000223648 0.000159 0.000282125 0.000217857 0.000129359 0.00023858 0.000230636 0.000146018 0.000143063 0.000109647 0.000127082 0.000239585 0.000169042 0.000181292 0.000292868 0.000296309 0.000213563 0.000157935 0.000100551 0.000239768 0.000193322 0.000210937 0.000214764 0.000218932 0.000119084 0.000159503 0.000252883 0.000237968 0.000198538 0.000287854 0.000195418
0.000124741 0.000161022 0.000192364 0.000173239 0.000146044 0.000236635 0.000290564 0.000224804 0.000262342 0.000298506 0.000176608 0.00011585 0.000142386 0.000211774 0.000267939 0.000159284 0.000284005 0.000264973 0.000173468 0.000148339 0.00022385 0.000173523 0.000204955 0.000135745 0.000144666 0.000176633 0.000271981 0.000192785 0.000235006 0.000147045 0.000278356 0.000205825 0.000179399 0.000190952 0.000182997 0.00013103 0.000139972 0.000207615 3.15363e-05 8.69969e-05 6.30881e-05 4.12945e-05 6.09231e-05 5.34162e-05 8.66382e-05 5.68726e-05 6.10162e-05 5.97678e-05 0.000145228 0.000263224 0.000262187 0.000122397 0.000185525 0.000236529 0.000235712 0.000232324 0.000153143 0.000122992
0.00029283 0.00014211 0.000223838 0.000161982 0.000126497 0.000273345 0.000110908 0.00018448 0.000241876 0.000247407 0.000173839 0.000123919 0.000253316 0.000198424 0.000239675 0.000141347 0.000236594 0.00028567 6.81876e-05 8.30127e-05 5.73026e-05 8.21558e-05 4.3505e-05 5.4708e-05 5.49994e-05 4.75129e-05 4.46241e-05 3.87714e-05 4.06006e-05 3.69337e-05 6.44249e-05 3.26173e-05 5.24753e-05 3.0634e-05 5.09473e-05 5.78159e-05 6.54882e-05 3.79179e-05 5.85331e-05 6.26215e-05 6.00543e-05 8.14585e-05 7.37289e-05 4.88589e-05 6.92193e-05 5.75975e-05 7.82704e-05 6.80782e-05 0.000254921 0.000103296 0.000189413 5.34221e-05 8.5986e-05 7.802e-05 7.54592e-05 5.12614e-05 0 0
8.98375e-05 3.59925e-05 6.97557e-05 4.53309e-05 6.74484e-05 3.41185e-05 7.75047e-05 4.38127e-05 8.73621e-05 6.15079e-05 6.92716e-05 6.96922e-05 7.40334e-05 8.02876e-05 5.64211e-05 7.44997e-05 4.22689e-05 8.78221e-05 4.79304e-05 4.1907e-05 3.21641e-05 4.41176e-05 6.17946e-05 8.85497e-05 7.63964e-05 4.54582e-05 7.09065e-05 8.65745e-05 7.16724e-05 7.40597e-05 8.45226e-05 5.48716e-05 3.63588e-05 8.99493e-05 6.76939e-05 5.47247e-05 3.16331e-05 8.2363e-05 8.86811e-05 7.05368e-05 5.51459e-05 7.81772e-05 6.56529e-05 7.90456e-05 6.80575e-05 7.93621e-05 6.48613e-05 3.0801e-05 0.000299812 0.000189686 0.00017374 5.26213e-05 3.72107e-05 3.0858e-05 7.52205e-05 7.87688e-05 0 0
8.65942e-05 6.19444e-05 5.87767e-05 8.15557e-05 8.80804e-05 3.13134e-05 8.93008e-05 3.23437e-05 7.94672e-05 3.50518e-05 3.38325e-05 3.20758e-05 6.17226e-05 8.32577e-05 8.21115e-05 5.43348e-05 3.70289e-05 5.53542e-05 6.26244e-05 7.02917e-05 6.93928e-05 6.49537e-05 3.6581e-05 8.50391e-05 4.29448e-05 6.43883e-05 7.78223e-05 3.63923e-05 8.0081e-05 8.91003e-05 6.13946e-05 8.42833e-05 7.08584e-05 7.62963e-05 3.41258e-05 8.9767e-05 3.32679e-05 4.6118e-05 3.71035e-05 7.87089e-05 8.32225e-05 4.89631e-05 3.74764e-05 6.87347e-05 3.21873e-05 8.93556e-05 6.2461e-05 3.13108e-05 0.000241059 0.000179032 0.000270407 3.81266e-05 4.05478e-05 4.0717e-05 4.12049e-05 5.00385e-05 6.74287e-05 0
6.84371e-05 8.56978e-05 6.52309e-05 7.47595e-05 7.52622e-05 4.4305e-05 7.34582e-05 6.25442e-05 5.37911e-05 6.4483e-05 8.63569e-05 4.89487e-05 7.59568e-05 3.6335e-05 8.39516e-05 7.72771e-05 4.79686e-05 8.15889e-05 3.99979e-05 3.08889e-05 8.62868e-05 4.62652e-05 6.96468e-05 5.21862e-05 5.03484e-05 4.85158e-05 7.82003e-05 6.76675e-05 6.4382e-05 8.8673e-05 7.83974e-05 5.21708e-05 5.65647e-05 8.30095e-05 8.36247e-05 4.68288e-05 5.47484e-05 5.35273e-05 4.15927e-05 5.95022e-05 7.83383e-05 4.8848e-05 8.03864e-05 7.71304e-05 7.09052e-05 8.61653e-05 3.16149e-05 3.74379e-05 0.000277982 0.000253167 0.000166834 0.000129977 8.50801e-05 6.33946e-05 8.91861e-05 6.41798e-05 6.23371e-05 0
6.08402e-05 4.34663e-05 5.31397e-05 8.94591e-05 5.76759e-05 5.84914e-05 6.6766e-05 4.66443e-05 7.35369e-05 5.40195e-05 7.04242e-05 7.09661e-05 7.61483e-05 7.94481e-05 7.85885e-05 5.78358e-05 4.27114e-05 4.62845e-05 6.2802e-05 4.44814e-05 5.55525e-05 7.35467e-05 4.52099e-05 4.18082e-05 4.45453e-05 3.92819e-05 8.80187e-05 3.7429e-05 8.65878e-05 3.6993e-05 8.93816e-05 7.04333e-05 5.6386e-05 8.0225e-05 6.76719e-05 4.53124e-05 8.06672e-05 5.07908e-05 8.59389e-05 8.31306e-05 5.75617e-05 3.42118e-05 6.39597e-05 4.9333e-05 8.4994e-05 6.50879e-05 3.03667e-05 7.60307e-05 0.000129633 0.00023085 0.000287253 0.000281654 4.68122e-05 7.81258e-05 6.82364e-05 5.30913e-05 5.2303e-05 0
7.55028e-05 4.51566e-05 4.11454e-05 7.1004e-05 8.82302e-05 5.66991e-05 7.74121e-05 7.7112e-05 4.358e-05 7.3769e-05 3.46392e-05 8.88855e-05 7.46196e-05 7.88801e-05 3.25647e-05 5.7024e-05 6.40634e-05 6.20185e-05 5.63478e-05 6.8272e-05 8.39423e-05 7.35268e-05 5.3227e-05 3.30385e-05 6.45315e-05 5.48197e-05 7.93496e-05 4.00477e-05 3.45978e-05 8.29456e-05 7.21361e-05 7.00425e-05 7.79223e-05 8.73901e-05 8.11925e-05 8.01064e-05 6.16342e-05 5.40517e-05 6.33269e-05 6.4427e-05 6.64334e-05 3.40154e-05 6.30509e-05 5.58502e-05 4.03352e-05 3.48566e-05 4.83405e-05 3.17321e-05 0.000184592 0.000149522 0.000174752 0.000213533 7.7282e-05 6.26513e-05 4.2989e-05 6.70368e-05 6.3693e-05 0
3.75278e-05 5.91879e-05 6.47065e-05 8.09604e-05 7.06484e-05 6.72511e-05 6.62408e-05 5.98395e-05 3.90884e-05 4.2953e-05 3.97311e-05 6.02449e-05 3.90304e-05 6.21536e-05 8.59984e-05 4.68925e-05 4.7625e-05 3.49539e-05 7.58301e-05 6.98567e-05 5.32153e-05 4.86659e-05 7.60161e-05 4.54104e-05 8.69769e-05 5.75181e-05 7.69473e-05 3.15039e-05 3.22347e-05 3.7224e-05 4.07658e-05 7.67967e-05 4.47274e-05 6.3093e-05 8.98568e-05 4.48827e-05 6.38562e-05 6.86448e-05 6.07992e-05 3.55521e-05 6.29915e-05 3.32398e-05 5.11493e-05 8.92421e-05 6.09773e-05 3.3087e-05 5.04541e-05 3.23737e-05 0.000160342 0.000236803 0.000283608 0.000273165 5.86328e-05 7.01809e-05 6.96291e-05 5.39418e-05 8.36103e-05 0
6.71968e-05 3.29963e-05 5.95281e-05 4.39483e-05 5.04122e-05 7.33117e-05 8.68155e-05 6.965e-05 6.94884e-05 7.05475e-05 4.27571e-05 6.23847e-05 3.30113e-05 5.22939e-05 4.2258e-05 6.54462e-05 7.15999e-05 4.85657e-05 5.80542e-05 7.82241e-05 6.95281e-05 7.78872e-05 4.83009e-05 5.90521e-05 8.38433e-05 7.32763e-05 6.49148e-05 6.74232e-05 8.24984e-05 5.19552e-05 6.34845e-05 3.9128e-05 6.54671e-05 6.12184e-05 4.46231e-05 7.62234e-05 6.87546e-05 7.46417e-05 5.75908e-05 5.11599e-05 7.42982e-05 5.97253e-05 3.77418e-05 5.33822e-05 4.87775e-05 3.06085e-05 3.4593e-05 7.68912e-05 0.000212135 0.000103161 0.000200398 0.000299786 0.000189697 0.000275922 0.000113265 0.00018321 0.000197868 0
5.61466e-05 4.98176e-05 3.17126e-05 5.13034e-05 6.43778e-05 6.4975e-05 8.35748e-05 8.19522e-05 6.09218e-05 7.43657e-05 8.9204e-05 8.50988e-05 6.13621e-05 4.98737e-05 8.92549e-05 8.20333e-05 6.76282e-05 3.92204e-05 5.62925e-05 7.75349e-05 7.06441e-05 3.07801e-05 4.83456e-05 8.02151e-05 7.74523e-05 4.51785e-05 6.68878e-05 7.2703e-05 8.74279e-05 5.17907e-05 8.79407e-05 6.32077e-05 3.65119e-05 4.19671e-05 7.72124e-05 3.93935e-05 8.04642e-05 5.00754e-05 7.66213e-05 4.89658e-05 8.3411e-05 3.32386e-05 8.88412e-05 3.38343e-05 6.81957e-05 6.82249e-05 6.55324e-05 5.65639e-05 0.000139664 0.000225741 0.000173654 0.00027586 0.00016091 0.000155642 0.000188508 0.000185686 0.000297496 0
5.36476e-05 7.48132e-05 6.13539e-05 5.64584e-05 4.68664e-05 3.57171e-05 8.0094e-05 4.00663e-05 6.17454e-05 3.59998e-05 5.90347e-05 6.52661e-05 6.11949e-05 7.63797e-05 6.10567e-05 3.49533e-05 7.08648e-05 7.38961e-05 5.15621e-05 8.2983e-05 8.06759e-05 6.72316e-05 6.52786e-05 6.90261e-05 5.77705e-05 8.45108e-05 8.68249e-05 3.66197e-05 4.10948e-05 3.00026e-05 3.34537e-05 7.67673e-05 3.46099e-05 6.35585e-05 8.99724e-05 4.65379e-05 3.21317e-05 7.40486e-05 6.0554e-05 8.69424e-05 5.93987e-05 4.85618e-05 5.22413e-05 4.71403e-05 7.48004e-05 4.46018e-05 6.51388e-05 8.01164e-05 0.000290625 0.000276022 0.000298382 0.000161468 0.000143323 0.000279366 0.000254345 0.000260255 0.000194134 0
