data/sample/Slabs.asc
NCOLS 252
NROWS 252
XLLCORNER 393313.311421
YLLCORNER 5826566.113860
CELLSIZE 1.000000
NODATA_VALUE        1e31
[rows 175 to 199 of 252, columns 116 to 173 of 252]
6.09548e-05 3.19251e-05 3.74898e-05 8.39952e-05 4.51336e-05 4.12652e-05 4.59266e-05 0.000285872 0.000228837 0.000280088 8.44555e-05 8.73515e-05 5.26663e-05 3.89451e-05 7.7836e-05 8.0766e-05 4.14852e-05 6.50226e-05 6.67513e-05 0.000139428 0.000114393 0.00019582 3.82422e-05 7.9754e-05 5.08581e-05 6.82356e-05 5.55795e-05 6.76597e-05 7.66663e-05 6.67197e-05 3.52818e-05 0.000104078 0 0 0 0 0 0 0 7.88055e-05 7.50413e-05 4.81694e-05 0.000104243 6.74803e-05 0.000250855 0.000219518 0.000298417 0.000102516 0.000261188 0.000175707 0.000255465 0.00027043 0.000107762 0.000157977 0.000147412 0.0001158 3.1361e-05 0.000182403
7.00121e-05 3.19009e-05 6.73023e-05 3.07668e-05 7.17598e-05 5.81268e-05 6.29898e-05 0.000172487 0.000127219 0.000250923 3.79357e-05 7.21824e-05 0 0 0 0 0 0 0 0 0 0 0 0 0 0 0 0 0 0 0 0 0 0 0 0 0 0 0 8.91263e-05 3.9068e-05 6.33686e-05 0.000210139 7.3984e-05 8.67558e-05 0.000206605 0.000248038 0.000218024 0.000231666 0.000102072 0.000273917 0.000289195 0.000275459 0.000288888 0.000225691 0.000244441 4.45472e-05 0.000203564
0 0 0 0 0 0 0 0 0 0 0 0 0 0 0 0 0 0 0 0 0 0 0 0 0 0 0 0 0 0 0 0 0 0 0 0 0 0 0 8.40394e-05 8.84042e-05 8.36531e-05 0.000114588 6.72425e-05 4.65295e-05 0.000165034 0.000268736 0.000204254 0.000170004 0.000252543 0.000293102 0.000146525 0.00015132 0.000280899 0.000210257 0.000167633 3.74659e-05 0.000127476
0 0 0 0 0 0 0 0 0 0 0 0 0 0 0 0 0 0 0 0 0 0 0 0 0 0 0 0 0 0 0 0 0 0 0 0 0 0 0 6.67851e-05 6.73878e-05 8.38498e-05 0.000282261 5.13922e-05 4.0342e-05 0.00011397 0.000197002 0.000194407 0.000211994 0.000136567 0.000243603 0.000106403 0.000136396 0.000209938 0.000285135 0.00028408 3.00951e-05 0.000173037
0 0 0 0 0 0 0 0 0 0 0 0 0 0 0 0 0 0 0 0 0 0 0 0 0 0 0 0 0 0 0 0 0 0 0 0 0 0 0 3.62108e-05 5.27002e-05 6.06291e-05 0.000155189 8.48438e-05 3.52007e-05 0.000114535 0.000282546 0.000166457 0.000217336 0.000176307 0.000166282 0.000106311 0.000291616 0.000204722 0.000274989 0.000281666 4.38463e-05 3.12979e-05
0 0 0 0 0 0 0 0 0 0 0 0 0 0 0 0 0 0 0 0 0 0 0 0 0 0 0 0 0 0 0 0 0 0 0 0 0 0 0 6.35518e-05 3.92045e-05 3.44749e-05 0.00019923 6.4053e-05 3.5112e-05 0.000176583 0.000117227 0.000162061 0.000241841 0.000284404 0.000231815 0.000115261 0.000265948 0.00012979 0.000279549 0.00019194 5.19618e-05 4.59354e-05
0 0 0 0 0 0 0 0 0 0 0 0 0 0 0 0 0 0 0 0 0 0 0 0 0 0 0 0 0 0 0 0 0 0 0 0 0 0 0 7.99367e-05 8.36573e-05 6.04465e-05 0.000175353 8.34193e-05 5.82526e-05 0.000116445 0.000218471 0.000115993 0.000261047 0.000119457 0.000281775 0.000286449 0.000238585 0.000150344 0.000274863 0.00017627 5.70258e-05 3.52758e-05
0 0 0 0 0 0 0 0 0 0 0 0 0 0 0 0 0 0 0 0 0 0 0 0 0 0 0 0 0 0 0 0 0 0 0 0 0 0 0 7.60182e-05 7.87698e-05 4.50522e-05 0.000283662 5.01217e-05 5.33344e-05 0.0001055 0.000114365 0.000108992 0.000265625 0.000250478 0.00026213 0.000243207 0.000189794 0.000160081 0.000155018 0.000269847 5.40885e-05 4.78374e-05
0 0 0 0 0 0 0 0 0 0 0 0 0 0 0 0 0 0 0 0 0 0 0 0 0 0 0 0 0 0 0 0 0 0 0 0 0 0 0 8.13049e-05 7.62171e-05 5.19154e-05 0.000174807 4.6163e-05 3.43713e-05 0.00018165 0.000245414 0.00022108 0.000265087 0.000277676 0.000164826 0.000177642 0.000235402 0.000197852 0.000190756 0.000157431 5.35675e-05 2.25051e-05
0 0 0 0 0 0 0 0 0 0 0 0 0 0 0 0 0 0 0 0 0 0 0 0 0 0 0 0 0 0 0 0 0 0 0 0 0 0 0 5.0618e-05 4.50296e-05 3.88541e-05 0.00011161 4.57535e-05 3.20401e-05 0.000125115 0.000209765 0.000281108 0.00010348 0.000126943 0.000253687 0.000271569 0.000275889 0.000259926 0.000286083 0.000183767 5.6681e-05 5.25425e-05
0 0 0 0 0 0 0 0 0 0 0 0 0 0 0 0 0 0 0 0 0 0 0 0 0 0 0 0 0 0 0 0 0 0 0 0 0 0 0 3.35037e-05 5.16362e-05 7.54388e-05 0.000143526 0.000124113 4.30564e-05 0.000299899 0.000197048 0.000251537 0.000126302 0.000101281 0.000207348 0.000179124 0.000114963 0.000100385 0.000120846 0.000106616 3.71169e-05 4.58541e-05
0 0 0 0 0 0 0 0 0 0 0 0 0 0 0 0 0 0 0 0 0 0 0 0 0 0 0 0 0 0 0 0 0 0 0 0 0 6.06222e-05 7.35986e-05 7.4624e-05 4.90303e-05 8.86608e-05 0.000109075 0.000235391 6.08473e-05 0.000140906 0.000201073 0.000140552 0.000241933 0.000284871 0.000185509 0.00021728 0.000198773 0.000152642 0.00024129 0.000128192 2.57311e-05 4.9558e-05
0 0 0 0 0 0 0 0 0 0 0 0 0 0 0 0 0 8.62566e-05 7.98344e-05 6.7124e-05 5.42957e-05 6.45121e-05 3.09523e-05 5.57697e-05 6.82626e-05 6.66377e-05 7.39583e-05 6.84492e-05 4.54079e-05 6.33685e-05 4.14942e-05 6.82305e-05 4.84096e-05 7.37705e-05 3.90492e-05 8.86363e-05 7.59383e-05 8.72833e-05 4.31949e-05 5.67415e-05 3.9181e-05 3.14643e-05 0.000234835 0.000154772 6.48414e-05 0.00019439 0.000281894 0.000206616 0.000221435 0.000196877 0.000232379 0.000139769 0.000155947 0.000113062 0.000121811 0.000239154 2.46921e-05 2.24336e-05
8.57207e-05 8.52595e-05 3.3135e-05 8.52556e-05 8.28692e-05 7.60222e-05 6.21017e-05 3.02153e-05 7.58298e-05 7.1729e-05 8.12265e-05 7.65312e-05 7.506e-05 3.61815e-05 4.42125e-05 6.34083e-05 6.61763e-05 4.15755e-05 6.75418e-05 5.1866e-05 7.14958e-05 7.42978e-05 4.65646e-05 7.64332e-05 5.56635e-05 7.01395e-05 3.40454e-05 6.76135e-05 6.89429e-05 3.43648e-05 4.99655e-05 6.37652e-05 8.69779e-05 8.58248e-05 5.35497e-05 8.62911e-05 6.7233e-05 7.37212e-05 7.66424e-05 5.38059e-05 5.81573e-05 5.81286e-05 0.000287872 0.000105004 3.32567e-05 0.000163255 0.000299868 0.000117303 0.000267703 0.00015393 0.000194793 0.000145488 0.000296925 0.000143654 0.000185204 0.000169863 5.66812e-05 2.16794e-05
4.41183e-05 8.95601e-05 5.80907e-05 3.1e-05 8.16066e-05 3.27731e-05 3.46981e-05 5.55462e-05 4.34047e-05 3.43969e-05 6.25341e-05 4.94249e-05 7.85623e-05 7.33693e-05 5.88333e-05 7.16919e-05 6.78828e-05 6.84675e-05 8.68774e-05 6.87571e-05 7.28076e-05 3.82347e-05 3.02036e-05 6.37047e-05 8.37494e-05 4.18695e-05 7.03823e-05 8.32086e-05 8.06421e-05 6.77788e-05 6.46058e-05 5.08826e-05 4.37849e-05 8.17363e-05 4.93428e-05 5.14068e-05 8.72049e-05 8.04257e-05 3.52453e-05 6.55791e-05 3.33929e-05 6.75442e-05 0.000219849 0.000109613 6.58803e-05 0.000191327 0.000258998 0.000291567 0.00014001 0.000148765 0.000154723 0.000159543 0.000188878 0.000271226 0.000279094 0.000172263 5.31493e-05 4.18983e-05
8.60404e-05 4.24625e-05 5.58479e-05 5.24666e-05 3.89494e-05 5.9245e-05 3.54159e-05 5.10208e-05 7.54937e-05 3.96412e-05 5.83321e-05 8.90427e-05 8.11079e-05 3.39109e-05 7.02801e-05 8.83376e-05 7.01872e-05 6.36558e-05 8.38831e-05 5.95374e-05 3.85724e-05 5.81374e-05 5.71373e-05 4.59167e-05 6.37838e-05 7.77548e-05 8.98455e-05 4.59425e-05 3.96591e-05 6.76595e-05 7.99492e-05 7.48883e-05 7.22078e-05 7.94242e-05 5.75055e-05 4.81753e-05 8.55903e-05 6.7366e-05 6.99887e-05 6.42316e-05 6.54416e-05 4.46131e-05 0.000242916 0.000144861 4.90849e-05 0.000210771 0.000101307 0.000290161 0.000140097 0.000142485 0.000154092 0.00027819 0.000108737 0.000149019 0.000106625 0.000287849 4.94366e-05 5.29917e-05
4.27177e-05 4.95987e-05 3.20623e-05 7.71706e-05 8.63686e-05 4.7597e-05 6.82093e-05 3.30222e-05 5.71702e-05 6.77469e-05 3.76612e-05 8.10827e-05 5.56697e-05 8.82737e-05 4.17939e-05 4.31252e-05 4.95837e-05 7.73496e-05 4.23112e-05 7.47975e-05 6.1305e-05 8.85491e-05 3.94666e-05 7.20562e-05 8.65158e-05 8.59278e-05 3.0526e-05 4.72874e-05 5.55055e-05 8.55524e-05 3.91675e-05 5.99296e-05 5.68208e-05 5.3843e-05 7.72912e-05 3.66252e-05 4.44937e-05 3.06756e-05 6.26124e-05 3.45474e-05 8.54123e-05 7.40174e-05 0.000175382 0.000159908 7.33659e-05 0.000203235 0.000275261 0.000142246 0.000241954 0.000273993 0.000174566 0.000218271 0.000172121 0.00019185 0.000189409 0.000178159 5.66365e-05 4.25149e-05
5.2434e-05 6.06788e-05 8.54836e-05 4.19267e-05 8.75026e-05 7.41253e-05 3.34276e-05 7.40318e-05 7.69784e-05 5.46282e-05 6.92906e-05 5.38685e-05 7.7271e-05 3.69586e-05 3.509e-05 6.93754e-05 6.45008e-05 5.77618e-05 7.07367e-05 8.41905e-05 6.20364e-05 4.01112e-05 4.31641e-05 6.54297e-05 5.39473e-05 3.27671e-05 6.35034e-05 7.65184e-05 6.48968e-05 4.97363e-05 0.000293841 0.000157055 0.000182676 0.000226833 0.000126249 0.00020455 0.000171158 0.000271113 0.000102788 0.000135203 0.000250382 0.000203334 0.000116997 0.000104881 7.41388e-05 0.00024258 0.000278381 0.000287161 0.00017652 0.00020311 0.000124775 0.000129258 0.000176963 0.000101247 0.00025329 0.000204813 4.93848e-05 5.02799e-05
5.50909e-05 4.84383e-05 3.92104e-05 5.29774e-05 5.21668e-05 6.0797e-05 3.95815e-05 6.57262e-05 4.17216e-05 5.76275e-05 4.80365e-05 8.41012e-05 3.50267e-05 3.61208e-05 8.03542e-05 7.76673e-05 8.60491e-05 5.02756e-05 6.97042e-05 5.24369e-05 6.70613e-05 3.87796e-05 8.75284e-05 3.13906e-05 6.9694e-05 3.02679e-05 3.81196e-05 8.17476e-05 7.71883e-05 3.18012e-05 0.000147053 0.000253982 0.000195638 0.000171057 0.000231988 0.000105554 0.00026103 0.000127822 0.000228287 0.000160187 0.0002852 0.000157345 0.000139057 0.000145473 4.98539e-05 0.000147771 0.00011386 0.000139563 0.000121311 0.000253901 0.000256927 0.000176847 0.000143235 0.000220709 0.000202537 0.000186925 3.70878e-05 3.89775e-05
5.99163e-05 7.13689e-05 8.03134e-05 3.14727e-05 6.2131e-05 6.19048e-05 8.22085e-05 7.14315e-05 5.99129e-05 8.15293e-05 8.39034e-05 7.30253e-05 6.28679e-05 3.86227e-05 8.16788e-05 6.21543e-05 4.2862e-05 7.09312e-05 5.56906e-05 6.41875e-05 5.51696e-05 3.3586e-05 3.57188e-05 7.39686e-05 3.64202e-05 7.08268e-05 7.76295e-05 3.23008e-05 5.87608e-05 6.50876e-05 8.30723e-05 0.000191632 0.000234995 0.000179698 0.000139744 0.000208083 0.000105737 0.000202038 0.000213752 0.000163525 0.000171408 0.000223221 0.000143163 0.000206693 7.25953e-05 0.000187112 0.000223187 0.000276164 0.000244634 0.00012676 0.000222 0.000274009 0.000179944 0.00020904 0.000280693 0.000280843 0.000204919 0.000133248
4.52573e-05 3.79183e-05 5.7765e-05 8.46904e-05 7.5768e-05 6.33197e-05 8.93523e-05 4.04288e-05 7.07944e-05 7.86884e-05 8.28189e-05 4.6845e-05 6.86004e-05 8.85813e-05 4.88581e-05 8.77127e-05 3.13836e-05 5.88094e-05 5.60812e-05 7.22644e-05 6.88092e-05 3.39997e-05 3.16761e-05 8.2481e-05 8.46197e-05 5.37181e-05 5.35942e-05 6.79311e-05 6.88384e-05 5.97445e-05 4.83496e-05 0.000106942 0.000250174 0.000239801 0.000198747 0.000236586 0.000248167 0.000148933 0.00011547 0.000282981 0.000172086 0.000285016 0.000107624 0.000206627 8.25248e-05 0.000252735 0.000239266 0.000295372 0.00018311 0.000256063 0.000157188 0.000245417 0.000221393 0.000279158 0.000202856 0.000212185 0.000152365 0.000221122
4.06475e-05 4.36266e-05 8.5864e-05 6.72584e-05 8.85528e-05 3.60769e-05 6.53998e-05 3.32513e-05 6.9275e-05 8.12134e-05 7.32331e-05 5.91008e-05 3.809e-05 3.29441e-05 3.86028e-05 5.78273e-05 4.00746e-05 6.31557e-05 8.68207e-05 4.39869e-05 3.46065e-05 5.40818e-05 6.96519e-05 5.32476e-05 6.14328e-05 5.28068e-05 3.35176e-05 5.06232e-05 8.04528e-05 4.85198e-05 6.51261e-05 0.000288717 0.000183972 0.000223738 0.000163341 0.000147612 0.000237142 0.000166645 0.000248093 0.00017783 0.000104368 0.000115248 0.000211938 0.000255498 5.07112e-05 0.000229828 0.000194492 0.000186155 0.000213725 0.00016443 0.000230194 0.000283746 0.000124129 0.000141766 0.000210939 0.000261699 0.000183342 0.000106678
6.17961e-05 6.69701e-05 7.27587e-05 8.69852e-05 6.70159e-05 7.8299e-05 7.29978e-05 7.28191e-05 6.64156e-05 4.00804e-05 3.07242e-05 7.64002e-05 7.27583e-05 7.35059e-05 3.11676e-05 3.6004e-05 8.60045e-05 8.82842e-05 6.33044e-05 3.34211e-05 7.07521e-05 3.47713e-05 6.19732e-05 8.13132e-05 4.18166e-05 6.06118e-05 5.03115e-05 5.13481e-05 5.50196e-05 3.56566e-05 6.12837e-05 0.000164802 0.00015464 0.000287543 0.000153108 0.000248405 0.000222931 0.000288069 0.000155459 0.000189105 0.000278359 0.000114844 0.00026503 0.000297847 7.82626e-05 0.00013391 0.000189392 0.000240291 0.000202149 0.000185359 0.000203152 0.00018761 0.000137742 0.000126339 0.000175876 0.000163181 0.000288205 0.000174865
8.74895e-05 7.89142e-05 7.44989e-05 7.94779e-05 6.68755e-05 6.52119e-05 8.964e-05 5.11533e-05 3.91017e-05 4.49089e-05 8.78239e-05 6.77898e-05 7.57644e-05 5.34533e-05 3.09215e-05 6.60918e-05 8.59851e-05 8.87415e-05 5.67442e-05 7.26062e-05 3.76437e-05 5.25549e-05 8.4004e-05 7.34455e-05 3.02703e-05 8.36201e-05 3.84526e-05 6.6192e-05 7.26642e-05 7.36607e-05 6.33953e-05 0.000222788 0.000164275 0.000212483 0.000224936 0.000280013 0.000169176 0.000298555 0.000209517 0.000159131 0.000223099 0.000162494 0.000115905 0.000248876 3.28158e-05 7.85496e-05 0.000199309 0.000229129 0.000114121 0.000157524 0.000254377 0.000180214 0.000284156 0.000169903 0.000278005 0.000149819 0.000249157 0.000213413
6.3565e-05 3.78145e-05 5.10844e-05 8.20842e-05 8.29999e-05 7.39162e-05 7.56547e-05 6.78215e-05 3.58756e-05 8.06937e-05 5.49289e-05 7.15268e-05 6.65015e-05 8.08883e-05 4.85154e-05 5.63677e-05 3.03868e-05 7.57023e-05 5.42921e-05 4.74608e-05 8.09668e-05 3.97036e-05 6.07215e-05 6.84733e-05 7.00108e-05 7.50558e-05 6.37538e-05 8.40512e-05 8.52035e-05 3.41989e-05 3.65404e-05 0.000261356 0.000252003 0.000100087 0.000143412 0.000211474 0.000223386 0.000265895 0.000142524 0.000218242 0.000185448 0.000233446 0.000295533 0.000288616 4.34813e-05 5.7658e-05 0.000299868 0.000290441 0.000121457 0.000183438 0.000146374 0.000194892 0.000122788 0.000237879 0.000229063 0.000172144 0.000114489 0.000114229
