data/sample/Slabs.asc
NCOLS 252
NROWS 252
XLLCORNER 393313.311421
YLLCORNER 5826566.113860
CELLSIZE 1.000000
NODATA_VALUE        1e31
[rows 25 to 49 of 252, columns 0 to 57 of 252]
0 0.000182272 0.000171507 0.000265281 0.000107925 2.30954e-05 4.44921e-05 2.88599e-05 2.34347e-05 4.00624e-05 4.59409e-05 4.88111e-05 2.4651e-05 3.96756e-05 2.3989e-05 2.57116e-05 5.67041e-05 2.68414e-05 4.34702e-05 5.12944e-05 3.09673e-05 5.21612e-05 0.000204434 0.000296105 0.000225547 0.000117817 0.000289924 0.000291347 0.000207005 0.000201631 0.000190838 0.000127319 0.000151739 0.00013695 0.000195432 0.000248481 0.000155429 0.000204777 0.000138889 0.000183125 0.000217821 0.000264592 3.52955e-05 5.03692e-05 3.832e-05 3.75344e-05 2.70564e-05 2.32365e-05 4.59464e-05 4.73495e-05 0.000195017 0.000298265 8.9898e-05 6.68696e-05 5.94219e-05 5.87097e-05 8.19934e-05 4.8305e-05
0 0.00021957 0.000297075 0.00020443 0.000125318 0.000101256 5.13138e-05 3.25581e-05 2.02135e-05 3.12554e-05 2.22058e-05 2.15313e-05 5.57868e-05 5.14018e-05 4.70155e-05 4.42674e-05 2.43363e-05 5.30759e-05 2.33446e-05 4.07485e-05 5.01192e-05 4.58406e-05 0.000134066 0.000100126 0.000286625 0.000291094 0.00027924 0.000156366 0.000170137 0.000213017 0.000112649 0.000110185 0.000103211 0.000185202 0.000152476 0.000100456 0.000272998 0.000207637 0.000267144 0.000225572 0.000247469 0.0002889 5.90639e-05 3.61525e-05 3.70453e-05 5.95173e-05 2.01335e-05 5.02183e-05 2.77063e-05 0.000210524 0.000197793 5.53279e-05 8.89529e-05 8.60855e-05 5.73662e-05 7.94147e-05 4.07929e-05 3.26585e-05
0 0.00017921 0.000105871 0.000178386 0.000180845 0.00025927 5.17048e-05 5.4797e-05 5.87655e-05 3.81907e-05 3.85476e-05 3.34509e-05 4.1662e-05 4.46279e-05 4.17804e-05 2.39856e-05 2.98812e-05 4.47408e-05 2.44537e-05 4.39648e-05 3.17874e-05 4.76037e-05 0.000256963 0.000199756 0.00026536 0.000135571 0.000185557 0.000162825 0.00021824 0.000223588 0.000239863 0.000169907 0.000219392 0.000132977 0.000213522 0.000299816 0.000278511 0.000132127 0.000232213 0.000161351 0.000171382 0.000292766 4.29813e-05 3.38554e-05 2.10135e-05 4.7815e-05 3.48605e-05 5.83758e-05 3.69396e-05 0.000156101 0.0002229 7.29337e-05 7.05984e-05 8.33917e-05 4.05221e-05 7.66236e-05 4.00867e-05 5.27388e-05
0 0.000294609 0.000174516 0.000247215 0.000253972 0.000187224 5.11797e-05 4.09376e-05 3.25317e-05 5.46043e-05 4.14379e-05 3.83045e-05 4.28926e-05 2.88801e-05 5.18388e-05 2.99759e-05 2.41177e-05 3.56982e-05 2.65577e-05 5.77085e-05 3.68298e-05 3.80801e-05 0.0001575 0.000163734 0.000176608 0.00017899 0.000282257 0.000187373 0.000251071 0.000204906 0.000134478 0.000223207 0.000232275 0.000142631 0.000187539 0.000184231 0.000152244 0.000147628 0.000136227 0.000180913 0.000228036 0.000102249 2.61625e-05 3.95865e-05 4.92085e-05 3.44242e-05 3.79633e-05 2.43076e-05 0.000148658 0.00023751 0.000178126 4.57969e-05 4.26934e-05 7.88324e-05 5.46887e-05 4.63117e-05 7.11952e-05 5.5949e-05
0 0.000287107 0.000162253 0.000205677 0.000150076 0.000110545 3.42868e-05 3.47214e-05 3.01543e-05 3.19201e-05 5.61736e-05 2.06461e-05 2.03346e-05 5.74396e-05 5.34976e-05 3.25545e-05 3.23658e-05 2.55453e-05 4.73196e-05 3.2453e-05 3.1601e-05 2.87793e-05 5.32601e-05 0.000193125 0.000223358 0.000180846 0.00028742 0.000122362 0.000202843 0.000272441 0.00020126 0.000252746 0.000290682 0.000115741 0.000216208 0.000296215 0.000162878 0.000135432 0.000203966 0.000218049 0.000171207 0.00025225 0.000182032 2.06005e-05 5.5089e-05 4.5242e-05 5.04145e-05 3.42048e-05 0.000255099 0.000196104 7.05214e-05 7.66618e-05 3.3306e-05 5.49577e-05 7.75361e-05 6.18851e-05 7.80531e-05 6.38115e-05
0 0.000178359 0.000125363 0.000182072 0.000280627 0.000223996 5.07679e-05 3.9599e-05 3.18345e-05 3.64806e-05 5.52119e-05 2.08749e-05 2.18573e-05 2.23914e-05 5.59993e-05 0 0 0 5.09292e-05 2.95867e-05 2.63109e-05 2.58387e-05 3.24913e-05 0.000210659 0.000109249 0.000187805 0.000280533 0.00025292 0.000140669 0.000250206 0.00013407 0.000251747 0.000154744 0.000201501 0.000261673 0.000231605 0.000273128 0.000228512 0.000195681 0.000218213 0.000140814 0.000141715 0.000295323 3.05843e-05 5.7359e-05 4.11446e-05 2.38704e-05 0.000269452 0.000170031 0.000220145 0.000166665 0.00026512 0.000194646 0.000251402 0.000113105 0.000140672 0.000229041 0.000209411
0 0.000223946 0.000151816 0.000104565 0.000206889 0.000265953 0.000201567 5.88113e-05 3.4858e-05 2.16071e-05 2.20231e-05 5.3804e-05 3.60433e-05 0 0 0 0 0 3.78885e-05 4.15795e-05 4.92696e-05 2.57891e-05 2.00447e-05 0.000283686 0.000268701 0.000207624 0.000288231 0.000101134 0.000227083 0.00013966 0.000296641 0.000274152 0.00015323 0.000115458 0.000277362 0.000280804 0.000159302 0.000151158 0.000256623 0.000118081 0.0001156 0.000184274 0.000177409 2.14341e-05 0.000186577 0.000186784 0.000201606 0.000189369 0.000155224 0.000263848 0.000147263 0.000288299 0.000197708 0.000175563 0.000261378 0.000298243 0.000248789 0.000243167
0 0.000252394 0.000143532 0.000114879 0.000287436 0.000112284 0.000113112 4.36743e-05 2.9357e-05 3.17658e-05 3.59877e-05 2.39916e-05 4.94041e-05 0 0 0 0 0 2.40799e-05 4.33437e-05 2.37911e-05 3.16123e-05 3.27823e-05 0.000289251 0.000161996 0.000248593 0.000186631 0.000153726 0.000198834 0.000178784 0.000182985 0.00012512 0.000281576 0.000147803 0.000120636 0.00014895 0.000225539 0.000201705 0.000112365 0.000172994 0.000132906 0.000145958 0.00016519 2.03557e-05 3.89768e-05 0.000161539 0.000252068 0.000110146 0.000241593 0.000270473 0.000170235 0.000298736 0.000217102 0.00012464 0.000214088 0.000189963 0.000290399 0.000288384
0 0.000227427 0.000275595 0.000174232 0.000161581 0.000245656 0.000259402 4.05159e-05 2.37885e-05 4.81881e-05 5.34052e-05 3.74599e-05 2.87099e-05 0 0 0 0 0 3.21719e-05 4.33216e-05 4.52405e-05 5.38238e-05 3.69659e-05 0.000269369 0.000286742 0.000290753 0.000292635 0.000171234 0.000263843 0.000161383 0.000101908 0.000187998 0.000111877 0.000208255 0.000275534 0.000131537 0.000130274 0.000185405 0.000157468 0.000227844 0.000232586 0.000282409 0.000231386 2.77049e-05 5.39739e-05 0.000190175 0.000154074 0.000235206 0.000105224 0.000110849 0.000229286 0.000158976 0.000116734 0.000188702 0.000104083 0.000248322 0.000148462 0.000147302
0 0.000264181 0.000207449 0.000214586 0.000238803 0.000166029 0.000194933 2.13927e-05 5.16574e-05 3.616e-05 2.03343e-05 2.3749e-05 5.18159e-05 0 0 0 0 0 3.53629e-05 5.27217e-05 3.83849e-05 3.1503e-05 5.24518e-05 0.000161887 0.000191646 0.000266228 0.000228997 0.000174416 0.000279548 0.000182885 2.44517e-05 2.29511e-05 0.000136416 0.000139453 0.000229986 2.22377e-05 3.72167e-05 2.88174e-05 2.01245e-05 3.03203e-05 4.19281e-05 2.53126e-05 3.54927e-05 4.30868e-05 4.48248e-05 0.000176146 0.000204453 0.00027926 0.000125111 0.00012721 0.000187627 0.00025862 0.000221777 0.000289532 0.000102262 0.000241523 0.000281355 0.000195914
0 0.000296599 0.00013287 0.000104642 0.00026151 0.000187634 0.000271697 5.38477e-05 2.19613e-05 5.19584e-05 3.50784e-05 3.99836e-05 3.89808e-05 0 0 0 0 0 5.34322e-05 3.72757e-05 2.39719e-05 5.02751e-05 4.79691e-05 3.91647e-05 4.09097e-05 5.17286e-05 3.14865e-05 4.17931e-05 4.7688e-05 4.58491e-05 5.79471e-05 2.13102e-05 0.000157764 0.000157103 0.000249571 5.50011e-05 3.4372e-05 4.46092e-05 5.78666e-05 5.80549e-05 5.02456e-05 5.42055e-05 5.70618e-05 5.62789e-05 3.86936e-05 0.000251872 0.000261889 0.000269051 0.00019157 0.000118218 0.000294064 0.000247123 0.000158451 0.00011207 0.000244109 0.000164743 0.000172218 0.000216751
0 0.000149977 0.000170807 0.00019838 0.000222407 0.000109526 0.000116082 0.000247722 2.97598e-05 5.28154e-05 3.85555e-05 3.34464e-05 3.77908e-05 2.95541e-05 4.40883e-05 4.5789e-05 3.90664e-05 5.98328e-05 2.21833e-05 5.80707e-05 4.90667e-05 5.05783e-05 4.05658e-05 2.59168e-05 3.4558e-05 4.70545e-05 4.33113e-05 5.42495e-05 3.52725e-05 2.62655e-05 2.9149e-05 4.09663e-05 0.000164122 0.000245349 0.000288598 5.73428e-05 3.54451e-05 4.59288e-05 3.57126e-05 5.86604e-05 2.94701e-05 3.22009e-05 3.428e-05 3.07184e-05 4.46291e-05 0.000149893 0.000123066 0.000114657 0.000274288 0.000295661 0.000215326 0.000147495 0.000188079 0.000262751 0.000223098 0.000102292 0.000134802 0.000168138
0 0.000110739 0.000272328 0.000276616 0.000275659 0.000139226 0.000153817 0.000217069 5.93978e-05 4.05697e-05 4.81876e-05 2.52163e-05 3.20914e-05 2.11958e-05 4.05418e-05 3.37931e-05 4.0192e-05 4.89438e-05 4.44016e-05 4.43327e-05 3.71796e-05 5.44334e-05 5.20088e-05 4.55531e-05 4.32276e-05 2.683e-05 2.57682e-05 2.21957e-05 0.000187238 0.000285458 0.000106839 0.000270055 0.000239666 0.000166606 0.00018021 0.000278626 0.000264964 0.000224194 0.000298599 0.000123071 0.00022764 0.00011053 0.000251391 0.000105584 0.000117495 0.000126826 0.000177586 0.000295168 0.000219468 0.000214648 0.000117838 0.000118693 0.000136777 0.000128119 0.000135129 0.000111534 0.000115275 0.000121381
0 0.000224481 0.000259554 0.000102582 0.000184326 0.000191312 0.00028143 0.000248251 5.28931e-05 3.41633e-05 4.3783e-05 0.000297566 0.000104574 0.000110381 0.000202718 0.000225138 0.000211809 0.000154397 0.000131113 0.00024903 0.00021781 0.000194585 0.000122266 0.000291769 0.000232133 0.000182313 0.000135034 0.000195167 0.000224144 0.000238045 0.000204471 0.00024902 0.000282484 0.00027284 0.000214896 0.000134195 0.000296311 0.000143271 0.00027698 0.00019465 0.000144884 0.000251654 0.000170786 0.000111335 0.000112928 0.000254481 0.000137505 0.000226606 0.000161409 0.000109395 0.000117042 0.0002176 0.000236182 0.000208313 0.000204054 0.000196781 0.0001957 0.000236531
0 0.000156872 0.000157877 0.000279404 0.000156459 0.000243395 0.000296065 0.000288214 0.000149342 0.000241174 0.000268902 0.000129492 0.000267259 0.000149977 0.000202395 0.000232411 0.000171171 0.000100039 0.000190862 0.000243153 0.00023098 0.000157182 0.000169084 0.000254961 0.000284321 0.000103832 0.000281744 0.000129209 0.000261345 0.000148739 0.000276172 0.000205671 0.000184627 0.00028895 0.000228586 0.000140585 0.000280667 0.000116145 0.000191888 0.000153487 0.000168961 0.000202853 0.000241816 0.000264099 0.000201284 0.000297151 0.000151161 0.000264578 0.000196681 0.000233274 0.000228382 0.000191826 0.00014274 0.00016273 0.000222414 0.000243781 0.000249354 0.000127647
0 0.000230078 0.000184884 0.000108759 0.000201899 0.000205871 0.000197012 0.000287358 0.000292856 0.000263069 0.000163201 0.000217512 0.000143044 0.000116625 0.000254846 0.000222012 0.000179402 0.000265445 0.000273783 0.000181127 0.000240743 0.000241554 0.000240395 0.000217324 0.000192525 0.000129043 0.000245249 0.000271334 0.000104021 0.000149139 0.000118217 0.000259372 0.000108496 0.00011008 0.000213119 0.000263201 0.000282238 0.000294581 0.00027316 0.000113423 0.000157293 0.000172619 0.000142765 0.000205453 0.00010788 0.000221441 0.000247344 0.000192542 0.00017519 0.00018229 0.000146195 0.00025785 0.000124831 0.000185924 0.00028754 0.00023354 0.000107064 0.000107441
0 0.000287261 0.000295512 0.000195958 0.000152163 0.000290567 0.000254978 0.000133836 0.000123421 0.000219726 0.000146661 0.000193 0.000126626 0.000179233 0.000296227 0.000262048 0.000182704 0.000184909 0.000247178 0.000276147 0.00016361 0.000120275 0.00025905 0.000133208 0.000107637 0.000184536 0.000151859 0.000235169 0.00016149 0.000159396 0.000145894 0.000263068 0.000232124 0.00027365 0.000102463 0.000197683 0.000289533 0.000146101 0.000163135 0.000180168 0.000141432 0.000239606 0.000293542 0.000299395 0.000262804 0.000147477 0.000213018 0.000200915 0.000194924 0.000244457 0.000271329 0.000258254 0.000261608 0.000143145 0.000140406 0.000179076 0.000177189 0.000210872
0 0.000111285 0.000224501 0.000194616 0.000284903 0.000232405 0.000247365 0.000128506 0.000112303 0.000103 0.000106453 0.000139181 0.000136499 0.000167331 0.000281609 0.000238944 0.00019994 0.000207689 0.00020826 0.000216925 0.0002327 0.000245589 0.000181703 0.000195862 0.000189719 0.000138475 0.000214326 0.000228407 0.000172372 0.000271033 0.000271969 0.000168335 0.000148125 0.000177643 0.000229984 0.000241439 0.000295152 0.000239764 0.000291938 0.000195045 0.000188438 0.000163647 0.00022237 0.000120289 0.000167314 0.000121646 0.000112273 0.000240427 0.000188991 0.000158665 0.000203796 0.000282919 0.000168602 0.000170451 0.000291225 0.000103499 0.000153497 0.000175514
0 0.000110672 0.000129113 0.000127283 0.000200806 0.000164808 0.000157183 0.000213995 0.000243184 0.000262042 0.000166497 0.000121617 0.000216006 0.000146308 0.000139493 0.000260797 0.000116572 0.000244128 0.000145328 0.00029899 0.000186507 0.000115366 0.000218188 0.00020932 0.000169409 0.000167769 0.000253629 0.000259894 0.00010934 0.000125512 0.000297675 0.000137452 0.00028952 0.000279752 0.000195315 0.000157217 0.000269569 0.000136982 0.000209198 0.000147684 0.00019239 0.000290466 0.000125089 0.000185729 0.000153467 0.000294559 0.00027073 0.000251202 0.000210331 0.000202254 0.000265314 0.000113772 0.000127118 0.000241255 0.000225686 0.00012779 0.000203247 0.000152171
0 0.000255293 0.000282498 0.000238121 0.000110121 0.000267937 0.000291807 0.000258692 0.000200988 0.000112506 0.000222785 0.00015235 0.000199797 0.000192676 0.000203047 0.000226549 0.000107888 0.000220547 0.000253617 0.000225315 0.000213226 0.000132331 0.0002821 0.000275123 0.000201642 0.000222799 0.000102395 0.000161137 0.000191795 0.000250022 0.000173436 0.000100695 0.000247326 0.000278391 0.000193793 0.000149783 0.000258726 0.000155885 0.000285191 0.000215895 0.000224594 0.000261986 0.000112702 0.000133391 0.00019996 0.000135784 0.000151652 0.000251255 0.000234175 0.000280688 0.000142227 0.000182794 0.000158301 0.000228747 0.000257468 0.000237719 0.000162454 0.000119374
0 0.000286818 0.000159517 0.000131046 0.000208001 0.000154296 0.000252713 0.00014899 0.00020213 0.000195523 0.000239218 0.000158449 0.000134822 0.000127745 0.00011143 0.000192636 0.000193745 0.000269177 0.00022495 0.00022227 0.000143733 0.000209945 0.000249934 0.000274124 0.000257302 0.000114852 0.000218029 0.000237661 0.000269417 0.000199764 0.000254063 0.000273478 0.000137259 0.00017878 0.000294312 0.000107054 0.000138329 0.000271646 0.000280117 0.00027888 0.000167218 0.000114129 0.000247741 0.000155417 0.000140576 0.000109329 0.000144528 0.00022088 0.000132592 0.0001995 0.000267804 5.14507e-05 4.3008e-05 0.000217814 0.00028978 0.000283309 7.40183e-05 8.57288e-05
0 0.000248192 0.000180577 0.000145554 0.000280455 0.00015079 0.0002056 0.00018151 0.000176341 0.000117363 0.00028604 0.000111649 0.000192157 0.000192951 0.000171646 0.000289864 0.000279002 0.000101474 0.00017445 0.000273292 0.000209587 0.0001105 0.000110764 0.000274086 0.00014565 0.000141899 0.00011196 0.00019201 0.000144045 0.000184476 0.000126664 0.00023608 0.000170692 0.000267888 0.000281525 5.15526e-05 3.53643e-05 3.88759e-05 7.48947e-05 6.13933e-05 5.426e-05 5.57239e-05 4.4684e-05 7.52124e-05 7.45496e-05 5.59513e-05 7.22089e-05 5.45039e-05 7.77144e-05 3.09907e-05 3.70505e-05 5.43774e-05 6.35243e-05 0.000279826 0.000124672 0.00021826 8.07284e-05 5.96689e-05
0 0.000277296 0.000233098 0.000264669 0.000177404 0.00023805 0.000238519 0.000171089 0.000151356 0.000205474 0.000259243 0.000187676 0.000212072 0.000186985 0.000295976 0.000288155 5.58768e-05 3.00732e-05 8.63439e-05 6.45509e-05 4.3646e-05 3.07007e-05 4.95173e-05 4.91755e-05 6.32094e-05 8.96078e-05 5.54014e-05 6.76138e-05 5.82723e-05 5.6921e-05 7.81736e-05 4.06832e-05 0.00017921 0.000218074 0.000233443 5.54501e-05 5.13983e-05 5.44657e-05 4.12357e-05 3.09927e-05 8.01479e-05 8.71476e-05 3.37671e-05 3.1198e-05 6.91415e-05 6.06191e-05 4.91673e-05 5.16565e-05 4.98711e-05 7.68516e-05 3.60906e-05 7.70975e-05 6.2927e-05 0.000276654 0.000126388 0.000195864 8.29046e-05 8.77958e-05
0 0.000169284 0.000123476 0.000256843 0.000207104 0.000140369 0.000247972 0.000151233 0.000196859 0.000155825 0.000285295 0.000258116 0.000195352 0.000237137 0.000229583 0.00010785 4.20683e-05 3.15109e-05 7.32881e-05 8.06024e-05 4.94819e-05 7.77717e-05 5.53227e-05 7.86649e-05 6.03185e-05 8.52977e-05 7.81039e-05 8.05009e-05 6.99191e-05 5.47068e-05 8.87273e-05 6.54028e-05 0.000279662 0.000143782 0.000172548 6.83053e-05 8.57831e-05 6.27532e-05 5.72075e-05 4.29325e-05 8.80311e-05 8.99382e-05 3.27967e-05 6.1759e-05 6.62123e-05 6.66925e-05 6.06488e-05 5.74451e-05 7.21021e-05 6.73675e-05 6.23885e-05 8.66282e-05 5.39954e-05 0.00021533 0.000212519 0.00027579 8.58315e-05 6.49757e-05
0 0.000273234 0.000100029 0.000233248 0.000132217 0.000154127 0.000101191 0.000143766 0.000123617 0.000198962 0.000183775 0.000117927 0.000283807 0.000155137 0.000126965 0.000235923 3.18722e-05 3.45371e-05 8.19221e-05 4.61849e-05 4.2865e-05 8.65499e-05 8.87049e-05 5.4588e-05 6.47464e-05 6.88196e-05 8.84336e-05 4.61933e-05 4.69066e-05 8.82526e-05 7.6887e-05 6.83858e-05 0.000289528 0.000238052 0.000247353 6.5779e-05 8.22482e-05 6.50199e-05 7.2964e-05 6.04785e-05 8.79117e-05 7.30801e-05 5.60056e-05 3.13751e-05 6.5317e-05 4.25878e-05 4.26578e-05 4.67794e-05 7.46796e-05 5.26196e-05 6.68093e-05 5.83094e-05 3.12057e-05 0.000211394 0.000149054 0.000114429 4.25119e-05 3.46839e-05
