data/sample/Slabs.asc
NCOLS 252
NROWS 252
XLLCORNER 393313.311421
YLLCORNER 5826566.113860
CELLSIZE 1.000000
NODATA_VALUE        1e31
[rows 75 to 99 of 252, columns 0 to 57 of 252]
0 0.000295382 0.000126151 0.000251443 0.000137541 0.000199428 0.000171911 0.000217691 0.000170567 0.000258824 0.00019486 0.000250366 0.000246357 0.000273066 0.000207757 0.000116762 0.000105957 0.00011235 0.000255006 0.000122855 0.000291659 3.89985e-05 4.32747e-05 4.75784e-05 4.45807e-05 5.13233e-05 3.70556e-05 3.16125e-05 4.73535e-05 5.66286e-05 4.22509e-05 2.22555e-05 3.52679e-05 5.13239e-05 0.000210717 0.000101052 0.000278902 7.72757e-05 3.55395e-05 5.43815e-05 7.09996e-05 0 0 0 0 0 0 0 0 0 0 0 0 7.12943e-05 8.89522e-05 6.35129e-05 8.46054e-05 3.54482e-05
0 0.000164478 0.000137567 0.000143931 0.00015227 0.000192326 0.000206094 0.000188825 0.000190925 0.000250132 0.000160355 0.000138983 0.000260261 0.000121024 0.000191015 0.000113679 0.000141441 0.000241162 0.000144271 0.000254748 0.000200792 3.95194e-05 5.06715e-05 3.09743e-05 3.73484e-05 4.80766e-05 5.99966e-05 4.33222e-05 5.75649e-05 3.81191e-05 3.10038e-05 3.6294e-05 2.28624e-05 2.83273e-05 0.000101882 0.000113236 0.000142414 6.40998e-05 8.40373e-05 7.63139e-05 7.97069e-05 0 0 0 0 0 0 0 0 0 0 0 0 8.97831e-05 8.48764e-05 7.89313e-05 8.52445e-05 6.98865e-05
0 8.1935e-05 0.00022458 0.000271576 0.000197915 0.000293919 0.000246714 0.000258266 0.000235777 0.000201675 0.000277241 0.000161697 0.000217773 0.000279949 0.000221008 0.000155407 0.000267656 0.000110936 0.000237487 0.000206684 0.000212159 0.000269016 5.77199e-05 3.6727e-05 3.84972e-05 2.27332e-05 2.81767e-05 3.06024e-05 3.88322e-05 5.05902e-05 2.55463e-05 4.39604e-05 2.33647e-05 2.50792e-05 0.000116888 0.000254879 0.000149011 7.17289e-05 4.35428e-05 3.18497e-05 5.20444e-05 0 0 0 0 0 0 0 0 0 0 0 0 4.26989e-05 5.7137e-05 8.68982e-05 5.66432e-05 5.43217e-05
0 8.30448e-05 0.000247602 0.00025828 0.000141763 0.000155806 0.000199302 0.000147772 0.000219427 0.00028666 0.000202284 0.000228085 0.000108527 0.000255917 0.000195787 0.000214482 0.000237616 0.000147064 0.000184674 0.000117068 0.000148818 0.000236704 2.84539e-05 3.2444e-05 3.80015e-05 2.78774e-05 2.69828e-05 4.64209e-05 3.8941e-05 4.94466e-05 3.29129e-05 4.22313e-05 3.10377e-05 4.18393e-05 0.000211282 0.000263463 0.000250645 0.00015028 0.000112763 0.000129917 0.000178241 0 0 0 0 0 0 0 0 0 0 0 0 3.43767e-05 3.28974e-05 3.63e-05 6.78323e-05 5.21614e-05
0 4.20512e-05 0.000146424 0.000115569 0.000193414 0.000264994 0.000291707 0.000194469 0.000142557 0.000204745 0.000283969 0.000282148 0.000232568 0.00021482 0.000239957 0.00023156 0.000227273 0.000289144 0.000260816 0.000194864 0.000270267 0.000135146 3.60181e-05 3.02478e-05 2.00384e-05 4.20579e-05 3.12515e-05 2.90296e-05 4.42163e-05 4.15995e-05 3.5222e-05 2.21818e-05 3.81534e-05 5.97839e-05 0.000297785 0.00011895 0.000278235 0.00026399 0.000159415 0.000285424 0.000146784 0 0 0 0 0 0 0 0 0 0 0 0 4.89247e-05 5.15053e-05 7.53093e-05 7.60832e-05 8.89785e-05
0 7.67818e-05 0.000203402 0.000175058 0.000160365 0.000246205 0.000166116 0.000294976 0.000117582 0.000219257 0.000119434 0.000261464 0.000114768 0.000217863 0.000113244 0.000246098 0.000215931 0.000118017 0.000141815 0.000254056 0.000238619 0.000134679 3.49799e-05 5.91111e-05 5.07309e-05 3.54809e-05 4.17553e-05 3.60681e-05 4.78419e-05 2.13798e-05 2.83393e-05 4.62844e-05 5.36675e-05 3.21118e-05 0.000232856 0.000158706 0.000148326 0.000168056 0.000243488 0.000236016 0.000281175 0.000247661 0 0 0 0 0 0 0 0 0 0 0 5.88687e-05 6.31206e-05 5.60774e-05 4.94987e-05 7.40322e-05
0 4.301e-05 0.000198956 0.000242963 0.000280537 0.000142544 0.000206234 0.000161596 0.000224754 0.000259891 0.000285289 0.00022871 0.000172736 0.000100986 0.000182213 0.000193461 0.000191894 0.000119448 0.000125964 0.000103014 0.000238324 0.000182118 3.12486e-05 5.92764e-05 3.01603e-05 5.07927e-05 3.69e-05 4.75193e-05 3.13888e-05 3.53893e-05 2.98165e-05 2.44045e-05 2.99417e-05 4.97055e-05 0.000120476 0.00018178 0.000140651 0.000215917 6.58785e-05 5.98823e-05 7.90183e-05 4.37746e-05 0 0 0 0 0 0 0 0 0 0 0 7.02406e-05 5.28487e-05 6.99041e-05 4.78662e-05 4.95631e-05
0 5.72112e-05 7.6634e-05 0.000134261 0.000114661 0.000153515 0.000257508 0.000179699 0.000200239 0.000298143 0.000120865 0.000149068 0.000251916 0.00013591 0.000162815 0.000101671 0.000150271 0.000128942 0.000204464 0.0001972 0.000215909 0.000297021 0.000276395 5.47932e-05 5.98457e-05 4.19581e-05 2.52132e-05 3.27055e-05 3.02477e-05 3.05044e-05 4.59205e-05 5.7085e-05 2.24507e-05 2.21041e-05 0.000160845 0.000257459 0.000168045 8.17276e-05 5.91929e-05 4.83628e-05 5.7925e-05 7.56032e-05 0 0 0 0 0 0 0 0 0 0 0 6.85035e-05 6.42515e-05 5.0647e-05 6.67253e-05 5.84869e-05
0 6.7475e-05 8.61954e-05 0.000201481 0.000209387 0.000131576 0.000238127 0.000194085 0.000258317 0.000141274 0.000216742 0.000211806 0.000274871 0.000260175 0.000174627 0.000142149 0.000164586 0.000249624 0.00014999 0.000210898 0.000194043 0.000194416 0.000283407 2.56951e-05 2.71631e-05 4.99564e-05 2.58581e-05 3.24739e-05 3.6187e-05 4.2694e-05 2.41848e-05 3.20294e-05 5.53698e-05 4.60348e-05 0.000245956 0.000188245 0.000268364 4.72777e-05 3.5777e-05 6.01164e-05 6.8364e-05 3.1601e-05 0 0 0 0 0 0 0 0 0 0 0 5.41303e-05 4.86788e-05 6.24755e-05 6.35761e-05 4.35198e-05
0 7.32361e-05 8.39169e-05 0.000154191 0.000189201 0.000221448 0.000181839 0.000201304 0.000135431 0.000124638 0.000105701 0.000203009 0.000163884 0.000240482 0.000291965 0.000269991 0.000290797 0.000201775 0.000182358 0.000131263 0.000201868 0.000116046 0.00017596 3.82113e-05 4.00366e-05 4.71654e-05 5.32846e-05 4.28884e-05 4.85492e-05 2.79413e-05 3.65037e-05 3.49238e-05 3.53302e-05 2.16468e-05 0.000144399 0.000135877 0.000100667 3.94294e-05 6.7492e-05 6.44633e-05 3.01331e-05 8.05836e-05 0 0 0 0 0 0 0 0 0 0 0 6.19135e-05 7.66286e-05 8.49851e-05 5.94809e-05 3.93035e-05
0 3.93425e-05 8.99603e-05 0.000289015 0.000241498 0.00016684 0.00029326 0.000240376 0.000244373 0.000279195 0.000119476 0.000203981 0.000169189 0.000218264 0.000194447 0.000280978 0.000109153 0.000187497 0.000127142 0.000166745 0.000253139 0.000204843 0.000106858 3.00592e-05 4.55624e-05 3.90793e-05 4.11627e-05 2.593e-05 3.41068e-05 5.12402e-05 5.21526e-05 3.46392e-05 4.52662e-05 2.21036e-05 0.000279732 0.000239678 0.000224813 4.7459e-05 4.6606e-05 5.5763e-05 3.26184e-05 6.59759e-05 0 0 0 0 0 0 0 0 0 0 0 8.82276e-05 8.10239e-05 5.57486e-05 7.9589e-05 4.80346e-05
0 0.000218622 0.000125966 0.000273355 0.000283441 0.000171131 0.00021939 0.000184967 0.000122974 0.000278707 0.000101394 0.000295721 0.000176278 0.000111537 0.000226081 0.000148939 0.000168659 0.000166561 0.000127943 0.000210172 0.000139284 0.000208337 0.000275892 3.72006e-05 2.07319e-05 2.19114e-05 5.18104e-05 5.18753e-05 5.75415e-05 4.72608e-05 3.9783e-05 3.04079e-05 5.08122e-05 4.72008e-05 0.0002874 0.000197932 0.000250282 8.31582e-05 4.65759e-05 5.70803e-05 8.35804e-05 4.23186e-05 0 0 0 0 0 0 0 0 0 0 0 6.24827e-05 8.5634e-05 6.02403e-05 6.75811e-05 3.64916e-05
0 0.000255832 0.000266826 0.000229707 0.000113268 0.000190543 0.000139783 0.000271596 0.000257457 0.00017374 0.000231949 0.00018607 0.00017242 0.000203793 0.000129497 0.000296933 0.000214862 0.000258869 0.000182339 0.000119992 0.000131939 0.000237535 0.000288828 0.000249411 4.57222e-05 4.33546e-05 2.32392e-05 2.41332e-05 3.51135e-05 5.73964e-05 5.07961e-05 2.99179e-05 3.30707e-05 2.03948e-05 0.000115139 0.0002197 0.000203459 4.51061e-05 7.76461e-05 8.5588e-05 8.34811e-05 3.32052e-05 0 0 0 0 0 0 0 0 0 0 0 5.0254e-05 4.22319e-05 6.87507e-05 4.66571e-05 7.10231e-05
0 7.68039e-05 3.35167e-05 5.21048e-05 0.000100179 0.000205779 0.000280066 0.000176336 0.000173853 0.000186252 0.000206105 0.000162501 0.000292395 0.000252916 0.000139348 0.000229012 0.000141774 0.000141328 0.000298598 0.00028667 0.000172937 0.000253547 0.00029814 0.000278074 3.11537e-05 3.88199e-05 2.91696e-05 3.93383e-05 4.55898e-05 5.49397e-05 5.33919e-05 3.75162e-05 2.72386e-05 2.12186e-05 0.00013156 0.000272538 0.000249385 7.36348e-05 4.61112e-05 6.94367e-05 3.88517e-05 3.41549e-05 0 0 0 0 0 0 0 0 0 0 0 6.21816e-05 8.40142e-05 8.53845e-05 3.09376e-05 7.63308e-05
0 8.04015e-05 6.53234e-05 6.14657e-05 0.000114836 0.000241995 0.000252042 0.000256486 0.000190637 0.000124169 0.000203794 0.000190005 0.00013886 0.00017621 0.000257567 0.000188308 0.00029856 0.000226527 0.0001277 0.000187376 0.000250246 0.000261579 0.000185745 0.000112741 5.548e-05 2.6145e-05 3.03993e-05 3.8191e-05 3.77119e-05 5.53379e-05 4.51626e-05 5.45511e-05 4.01946e-05 2.4627e-05 0.00018449 0.000210628 0.000109858 7.63583e-05 8.6266e-05 4.54759e-05 8.91044e-05 3.13925e-05 0 0 0 0 0 0 0 0 0 0 0 7.9708e-05 5.58445e-05 6.90698e-05 6.37746e-05 7.13342e-05
0 5.42154e-05 5.79811e-05 4.68863e-05 0.000221234 0.000217377 0.000159245 0.000276089 0.000104777 0.000189612 0.000132433 0.000117165 0.000290428 0.000224646 0.000176113 0.000198654 0.000133604 0.000198718 0.000269176 0.000225391 0.000198765 0.000180495 0.000228714 0.000193197 4.64879e-05 2.53882e-05 3.93133e-05 4.9616e-05 3.50071e-05 2.82367e-05 5.14787e-05 3.60973e-05 2.45977e-05 3.31519e-05 0.000178063 0.000210203 0.000103271 0.000177721 0.000181327 0.000247129 0.00012976 0.000249965 0 0 0 0 0 0 0 0 0 0 0 5.44992e-05 3.42401e-05 6.17645e-05 6.50966e-05 3.25011e-05
0 3.07296e-05 7.99885e-05 8.10215e-05 0.000146948 0.000196194 0.000150156 0.000282822 0.000196208 0.000111319 0.000169805 0.000183061 0.000168708 0.000104969 0.00015116 0.000100119 0.000188313 0.000164345 0.000103926 0.000289046 0.000270509 0.000171582 0.000171715 0.000234305 5.42302e-05 5.50671e-05 4.30895e-05 5.49773e-05 3.97673e-05 2.73054e-05 4.42024e-05 2.15545e-05 3.03584e-05 5.19692e-05 0.000127458 0.000110783 0.00012667 0.000232514 0.000119162 0.000202168 0.000274079 0.000180774 0 0 0 0 0 0 0 0 0 0 0 3.2256e-05 4.37744e-05 5.56705e-05 4.0336e-05 5.81779e-05
0 8.5838e-05 3.33747e-05 7.52565e-05 6.47219e-05 0.000123702 0.000295754 0.000255725 0.000230424 0.000285828 0.000234443 0.000178398 0.000108421 0.000228378 0.000159985 0.000287808 0.000292887 0.000221587 0.000210869 0.000127715 0.000178167 0.00021111 0.000283547 0.00025179 4.87352e-05 4.89342e-05 5.70846e-05 4.77139e-05 5.20508e-05 4.36116e-05 5.23373e-05 2.1995e-05 2.14878e-05 4.937e-05 0.000277185 0.000151607 0.000240722 0.000245525 0.000126077 0.000234433 0.000201748 0.000108471 0 0 0 0 0 0 0 0 0 0 0 0 6.55773e-05 4.9131e-05 3.72316e-05 8.28291e-05
0 4.1703e-05 5.73118e-05 6.00994e-05 3.64488e-05 0.000199444 0.000290405 0.000240827 0.000203452 0.000239058 0.000196224 0.000164973 0.000242959 0.00021814 0.000140246 0.000291361 0.000193332 0.000247441 0.000183138 0.000100769 0.000148696 0.000110854 0.000242269 0.000136147 0.000187659 2.68724e-05 2.00281e-05 2.62522e-05 5.35588e-05 5.02341e-05 5.32783e-05 3.82571e-05 2.06929e-05 5.69177e-05 0.000145274 0.000279065 0.000211384 0.000217535 0.00024222 0.000123291 0.000157793 6.12072e-05 0 0 0 0 0 0 0 0 0 0 0 0 8.18148e-05 3.60358e-05 8.02681e-05 8.25494e-05
0 0 4.29249e-05 8.81906e-05 8.35663e-05 0.000184638 0.00012791 0.000288793 0.000201303 0.000192827 0.000174065 0.000113246 0.000117408 0.000290117 0.000161558 0.000291775 0.000126415 0.000278221 0.000299462 0.000100897 0.000246588 0.000240879 0.000102475 0.000120785 0.000211872 5.70869e-05 2.64601e-05 4.82146e-05 5.15689e-05 3.69905e-05 3.4408e-05 5.77914e-05 2.3073e-05 0.000188857 0.000269411 0.000127038 0.000226047 0.000196948 6.60608e-05 6.41326e-05 8.76287e-05 4.45002e-05 0 0 0 0 0 0 0 0 0 0 0 0 7.41586e-05 3.10791e-05 7.86281e-05 3.7693e-05
0 0 5.5222e-05 6.32265e-05 5.89133e-05 0.000207169 0.000212888 0.000163454 0.00027075 0.000104774 0.000266863 0.00012785 0.000274108 0.000209436 0.000171792 0.000299273 0.000141749 0.000147345 0.000280966 0.000238748 0.000298766 0.000212806 0.000291593 0.000129109 0.00020252 3.97689e-05 4.97e-05 2.49906e-05 5.45627e-05 3.61349e-05 5.5305e-05 3.4689e-05 0.00026395 0.000187779 0.000104433 0.000211537 0.00022231 0.000108208 4.70959e-05 3.88251e-05 3.83879e-05 3.93996e-05 0 0 0 0 0 0 0 0 0 0 0 0 7.56331e-05 5.68716e-05 4.87267e-05 4.97197e-05
0 0 6.11226e-05 3.05435e-05 7.13303e-05 0.000146017 0.000145085 0.000105167 0.000175742 0.000295939 0.000173359 0.000233491 0.000189997 0.000287711 0.000175284 0.00025266 0.000260856 0.000227616 0.000167186 0.000286602 0.000218533 0.000272949 0.000249045 0.000294246 0.000179229 5.80803e-05 2.58501e-05 3.97993e-05 5.16161e-05 4.06394e-05 5.57203e-05 5.29423e-05 0.000230831 0.000146201 0.000255573 0.000242355 0.000103892 0.000198174 5.24527e-05 3.84184e-05 4.17523e-05 5.64347e-05 0 0 0 0 0 0 0 0 0 0 0 0 7.55737e-05 7.54897e-05 3.91054e-05 5.54189e-05
0 0 6.9805e-05 5.49596e-05 8.12025e-05 4.03526e-05 0.000100017 0.000267961 0.000145616 0.000160414 0.000106946 0.000270449 0.00015219 0.000174098 0.000231774 0.000203655 0.000160277 0.000196566 0.00012144 0.000184652 0.000248039 0.000113928 0.000180548 0.000290622 0.000175712 4.26528e-05 3.92167e-05 5.16481e-05 5.45357e-05 5.99722e-05 2.42762e-05 2.87004e-05 0.000148902 0.000102053 0.000149242 0.000124079 0.000170205 0.000284929 8.43157e-05 5.30145e-05 6.7542e-05 6.7609e-05 0 0 0 0 0 0 0 0 0 0 0 0 4.57362e-05 6.89535e-05 4.05459e-05 7.7835e-05
0 0 7.64008e-05 7.3108e-05 5.27961e-05 4.54985e-05 0.000197894 0.000119782 0.000202802 0.000187263 0.00024581 0.000147295 0.000267526 0.000170789 0.000108352 0.000230358 0.000195753 0.000158341 0.0001915 0.000202985 0.000274765 0.000187988 0.000171524 0.000149579 0.000241293 0.000109924 2.87918e-05 3.40123e-05 4.44125e-05 4.47317e-05 3.53513e-05 5.26606e-05 0.000128767 0.000178005 0.000252461 0.000289855 0.000154831 0.000138784 6.07204e-05 5.59073e-05 7.74108e-05 8.44449e-05 0 0 0 0 0 0 0 0 0 0 0 0 6.4386e-05 3.60172e-05 5.6569e-05 3.38053e-05
0 0 0.000159405 0.000245286 0.000212583 0.000144598 0.000230617 0.000120604 0.000273894 0.000297399 0.000230421 0.000278492 0.00027151 0.000247183 0.000155826 0.000271403 0.000292382 0.000252203 0.000198994 0.000106425 0.000193643 0.000296387 0.000291719 0.000110201 0.000280355 0.000296273 2.10488e-05 4.82878e-05 2.49955e-05 2.01688e-05 2.14785e-05 3.98278e-05 0.000290988 0.000130741 0.00019316 0.000248002 0.000127631 0.000207894 3.21696e-05 8.59698e-05 6.779e-05 5.97174e-05 0 0 0 0 0 0 0 0 0 0 0 0 7.52182e-05 5.7309e-05 5.22084e-05 5.17001e-05
